容器 1 中的多边形 1:
918.0, 12.0
984.0, 15.0
993.0, 35.0
998.0, 48.0
1002.0, 420.0
1001.0, 902.0
1000.0, 956.0
997.0, 995.0
979.0, 999.0
932.0, 1000.0
514.0, 1002.0
81.0, 1001.0
10.0, 998.0
2.0, 886.0
2.0, 10.0
266.0, 2.0

容器 1 中的多边形 2:
993.0, 1075.0
1001.0, 1095.0
1002.0, 1165.0
1002.0, 1881.0
1001.0, 1911.0
991.0, 1951.0
972.0, 1995.0
963.0, 2005.0
276.0, 2005.0
6.0, 2004.0
2.0, 1995.0
2.0, 1170.0
3.0, 1046.0
6.0, 1037.0
17.0, 1027.0
104.0, 1022.0
438.0, 1006.0

容器 1 中的多边形 3:
989.0, 2020.0
1001.0, 2023.0
999.0, 3001.0
995.0, 3005.0
911.0, 3008.0
310.0, 3008.0
70.0, 3007.0
17.0, 3003.0
7.0, 2994.0
2.0, 2870.0
2.0, 2479.0
3.0, 2216.0
12.0, 2203.0
638.0, 2017.0
731.0, 2013.0
909.0, 2009.0

容器 1 中的多边形 4:
973.0, 3020.0
978.0, 3029.0
1002.0, 3603.0
987.0, 3914.0
982.0, 3999.0
963.0, 4010.0
753.0, 4011.0
109.0, 4011.0
60.0, 4010.0
35.0, 4010.0
10.0, 4004.0
2.0, 3992.0
3.0, 3427.0
4.0, 3304.0
12.0, 3182.0
17.0, 3162.0
50.0, 3142.0
844.0, 3016.0
903.0, 3012.0

容器 1 中的多边形 5:
1855.0, 2856.0
1923.0, 2866.0
1976.0, 2880.0
2002.0, 2891.0
2003.0, 2934.0
2003.0, 3750.0
2001.0, 3811.0
1997.0, 3839.0
1944.0, 3843.0
1604.0, 3843.0
1599.0, 3842.0
1540.0, 3841.0
1516.0, 3829.0
1003.0, 3520.0
1003.0, 3001.0
1005.0, 2876.0
1033.0, 2868.0
1181.0, 2844.0

容器 1 中的多边形 6:
1854.0, 469.0
1975.0, 495.0
1984.0, 561.0
2004.0, 886.0
1954.0, 1211.0
1948.0, 1226.0
1823.0, 1446.0
1813.0, 1455.0
1795.0, 1459.0
1403.0, 1462.0
1121.0, 1462.0
1021.0, 1458.0
1018.0, 1440.0
1006.0, 1181.0
1004.0, 789.0
1005.0, 772.0
1017.0, 766.0
1741.0, 462.0
1798.0, 462.0

容器 1 中的多边形 7:
1054.0, 1465.0
1145.0, 1466.0
1187.0, 1466.0
1214.0, 1472.0
1232.0, 1479.0
1778.0, 1758.0
1917.0, 1840.0
1937.0, 1855.0
1951.0, 1870.0
1969.0, 1899.0
2004.0, 1958.0
2003.0, 2420.0
1992.0, 2462.0
1770.0, 2464.0
1311.0, 2464.0
1199.0, 2462.0
1163.0, 2456.0
1151.0, 2452.0
1039.0, 2369.0
1020.0, 2352.0
1013.0, 2345.0
1005.0, 2196.0
1004.0, 1533.0
1005.0, 1482.0
1012.0, 1464.0

容器 1 中的多边形 8:
1653.0, 4.0
1788.0, 10.0
1823.0, 13.0
1838.0, 19.0
1841.0, 48.0
1856.0, 390.0
1851.0, 401.0
1835.0, 433.0
1006.0, 422.0
1011.0, 70.0
1011.0, 18.0
1027.0, 12.0
1515.0, 2.0

容器 1 中的多边形 9:
1197.0, 3774.0
1335.0, 3820.0
1766.0, 3974.0
1857.0, 4039.0
1890.0, 4068.0
1889.0, 4081.0
1781.0, 4090.0
1726.0, 4092.0
1692.0, 4094.0
1577.0, 4093.0
1428.0, 4088.0
1030.0, 3896.0
1015.0, 3887.0
1009.0, 3877.0
1007.0, 3868.0
996.0, 3799.0
1004.0, 3791.0
1075.0, 3758.0
1090.0, 3753.0
1102.0, 3750.0
1108.0, 3750.0

容器 1 中的多边形 10:
1659.0, 2468.0
1701.0, 2474.0
1709.0, 2478.0
1760.0, 2576.0
1792.0, 2639.0
1777.0, 2645.0
1646.0, 2677.0
1635.0, 2679.0
1204.0, 2722.0
1029.0, 2722.0
1028.0, 2719.0
1028.0, 2717.0
1003.0, 2621.0
1271.0, 2512.0
1355.0, 2498.0
1434.0, 2489.0
1649.0, 2467.0

容器 1 中的多边形 11:
1820.0, 2679.0
1842.0, 2693.0
1840.0, 2851.0
1528.0, 2847.0
1406.0, 2845.0
1419.0, 2822.0
1427.0, 2813.0
1546.0, 2737.0
1697.0, 2669.0

容器 1 中的多边形 12:
1617.0, 1466.0
1727.0, 1509.0
1741.0, 1515.0
1864.0, 1578.0
1847.0, 1643.0
1836.0, 1677.0
1828.0, 1685.0
1815.0, 1689.0
1681.0, 1682.0
1640.0, 1675.0
1612.0, 1668.0
1599.0, 1662.0
1572.0, 1643.0
1502.0, 1508.0
1505.0, 1479.0
1507.0, 1470.0
1582.0, 1464.0

容器 1 中的多边形 13:
1261.0, 464.0
1271.0, 479.0
1276.0, 488.0
1285.0, 511.0
1298.0, 556.0
1299.0, 573.0
1293.0, 587.0
1180.0, 637.0
1169.0, 641.0
1152.0, 645.0
1097.0, 635.0
1063.0, 626.0
1012.0, 601.0
1005.0, 575.0
1007.0, 569.0
1022.0, 538.0
1029.0, 531.0
1200.0, 432.0
1206.0, 429.0

容器 1 中的多边形 14:
1922.0, 3848.0
2018.0, 3936.0
2031.0, 3956.0
2038.0, 3997.0
2019.0, 4010.0
1906.0, 4024.0
1769.0, 3971.0
1761.0, 3958.0
1748.0, 3931.0
1741.0, 3902.0
1738.0, 3882.0
1741.0, 3878.0
1777.0, 3866.0
1907.0, 3847.0

容器 1 中的多边形 15:
1966.0, 60.0
1967.0, 65.0
1971.0, 117.0
1972.0, 142.0
1970.0, 162.0
1955.0, 256.0
1935.0, 367.0
1913.0, 452.0
1892.0, 466.0
1872.0, 469.0
1859.0, 465.0
1864.0, 71.0
1865.0, 59.0
1906.0, 59.0

容器 1 中的多边形 16:
1471.0, 2707.0
1475.0, 2718.0
1458.0, 2739.0
1422.0, 2778.0
1403.0, 2792.0
1391.0, 2798.0
1311.0, 2809.0
1051.0, 2814.0
1024.0, 2811.0
1007.0, 2788.0
1003.0, 2779.0
1004.0, 2773.0
1006.0, 2767.0
1022.0, 2759.0
1048.0, 2752.0
1083.0, 2746.0
1241.0, 2723.0
1434.0, 2703.0
1460.0, 2703.0

容器 1 中的多边形 17:
279.0, 2014.0
284.0, 2020.0
288.0, 2031.0
289.0, 2035.0
278.0, 2077.0
118.0, 2164.0
16.0, 2156.0
2.0, 2131.0
4.0, 2083.0
20.0, 2039.0
38.0, 2030.0
106.0, 2017.0
263.0, 2008.0

容器 1 中的多边形 18:
1750.0, 2468.0
1905.0, 2472.0
1914.0, 2473.0
1941.0, 2483.0
1984.0, 2506.0
1991.0, 2514.0
1999.0, 2554.0
2004.0, 2583.0
2006.0, 2601.0
1992.0, 2612.0
1975.0, 2624.0
1934.0, 2636.0
1915.0, 2640.0
1893.0, 2634.0
1875.0, 2622.0
1720.0, 2490.0
1719.0, 2478.0
1720.0, 2471.0
1728.0, 2467.0

容器 1 中的多边形 19:
1513.0, 438.0
1522.0, 441.0
1527.0, 453.0
1527.0, 472.0
1506.0, 504.0
1404.0, 578.0
1399.0, 579.0
1389.0, 580.0
1354.0, 580.0
1330.0, 577.0
1318.0, 566.0
1290.0, 514.0
1289.0, 507.0
1286.0, 471.0
1293.0, 462.0
1298.0, 457.0
1330.0, 449.0
1443.0, 435.0
1491.0, 432.0

容器 1 中的多边形 20:
176.0, 3016.0
213.0, 3056.0
223.0, 3072.0
223.0, 3074.0
204.0, 3095.0
196.0, 3101.0
155.0, 3116.0
126.0, 3117.0
46.0, 3110.0
31.0, 3108.0
18.0, 3103.0
6.0, 3069.0
2.0, 3053.0
7.0, 3044.0
23.0, 3023.0
30.0, 3018.0
111.0, 3011.0

容器 1 中的多边形 21:
1015.0, 4014.0
1064.0, 4029.0
1074.0, 4040.0
1078.0, 4052.0
1073.0, 4072.0
1068.0, 4086.0
1052.0, 4093.0
1038.0, 4094.0
801.0, 4069.0
785.0, 4060.0
774.0, 4049.0
772.0, 4038.0
782.0, 4032.0
821.0, 4021.0
986.0, 4013.0
1007.0, 4013.0

容器 1 中的多边形 22:
1162.0, 3655.0
1178.0, 3665.0
1193.0, 3715.0
1179.0, 3730.0
1155.0, 3744.0
1093.0, 3747.0
1068.0, 3746.0
1037.0, 3732.0
1002.0, 3691.0
1005.0, 3675.0
1014.0, 3663.0
1032.0, 3642.0
1041.0, 3636.0
1057.0, 3627.0
1061.0, 3626.0
1075.0, 3624.0

容器 1 中的多边形 23:
1237.0, 2474.0
1246.0, 2478.0
1255.0, 2487.0
1255.0, 2493.0
1243.0, 2509.0
1234.0, 2519.0
1164.0, 2543.0
1133.0, 2553.0
1021.0, 2563.0
1020.0, 2562.0
1013.0, 2539.0
1004.0, 2495.0
1013.0, 2492.0
1157.0, 2468.0
1213.0, 2466.0

容器 1 中的多边形 24:
1969.0, 1415.0
1972.0, 1419.0
1975.0, 1437.0
1974.0, 1486.0
1969.0, 1492.0
1935.0, 1509.0
1920.0, 1516.0
1868.0, 1532.0
1813.0, 1548.0
1805.0, 1522.0
1795.0, 1480.0
1795.0, 1469.0
1899.0, 1413.0
1909.0, 1409.0
1935.0, 1409.0

容器 1 中的多边形 25:
1946.0, 1629.0
1907.0, 1788.0
1851.0, 1797.0
1848.0, 1794.0
1836.0, 1764.0
1834.0, 1749.0
1844.0, 1662.0
1857.0, 1628.0

容器 1 中的多边形 26:
313.0, 4018.0
328.0, 4026.0
332.0, 4037.0
323.0, 4041.0
289.0, 4052.0
281.0, 4054.0
37.0, 4094.0
27.0, 4094.0
2.0, 4080.0
11.0, 4063.0
25.0, 4058.0
120.0, 4040.0
296.0, 4019.0

容器 1 中的多边形 27:
512.0, 3024.0
504.0, 3035.0
499.0, 3038.0
470.0, 3047.0
406.0, 3057.0
263.0, 3065.0
253.0, 3065.0
221.0, 3063.0
230.0, 3037.0
247.0, 3031.0
290.0, 3020.0
379.0, 3014.0
478.0, 3011.0

容器 1 中的多边形 28:
518.0, 4055.0
553.0, 4063.0
558.0, 4065.0
566.0, 4070.0
563.0, 4080.0
556.0, 4082.0
497.0, 4087.0
435.0, 4091.0
328.0, 4094.0
253.0, 4087.0
243.0, 4085.0
238.0, 4081.0
234.0, 4076.0
238.0, 4071.0
244.0, 4066.0
301.0, 4054.0
486.0, 4053.0

容器 1 中的多边形 29:
577.0, 4014.0
731.0, 4047.0
791.0, 4070.0
808.0, 4079.0
809.0, 4084.0
798.0, 4086.0
785.0, 4087.0
774.0, 4087.0
614.0, 4078.0
573.0, 4074.0
547.0, 4019.0

容器 1 中的多边形 30:
1143.0, 3955.0
1164.0, 3990.0
1175.0, 4012.0
1170.0, 4032.0
1156.0, 4053.0
1102.0, 4070.0
1083.0, 4052.0
1062.0, 4013.0
1092.0, 3959.0
1123.0, 3951.0

容器 1 中的多边形 31:
412.0, 2008.0
438.0, 2014.0
456.0, 2023.0
461.0, 2032.0
447.0, 2046.0
440.0, 2052.0
438.0, 2052.0
436.0, 2053.0
405.0, 2061.0
371.0, 2068.0
327.0, 2072.0
294.0, 2046.0
290.0, 2024.0
299.0, 2018.0
361.0, 2008.0
382.0, 2007.0

容器 1 中的多边形 32:
1489.0, 1545.0
1471.0, 1559.0
1455.0, 1566.0
1424.0, 1573.0
1415.0, 1568.0
1400.0, 1554.0
1395.0, 1550.0
1390.0, 1543.0
1367.0, 1493.0
1398.0, 1473.0
1417.0, 1468.0
1436.0, 1465.0

容器 1 中的多边形 33:
1088.0, 657.0
1095.0, 665.0
1107.0, 699.0
1107.0, 724.0
1096.0, 729.0
1011.0, 720.0
1005.0, 686.0
1008.0, 667.0
1013.0, 656.0
1019.0, 650.0
1024.0, 649.0

容器 1 中的多边形 34:
1905.0, 2755.0
1905.0, 2842.0
1901.0, 2847.0
1887.0, 2857.0
1879.0, 2856.0
1845.0, 2845.0
1844.0, 2784.0
1853.0, 2761.0
1873.0, 2749.0
1895.0, 2741.0

容器 1 中的多边形 35:
918.0, 1012.0
932.0, 1017.0
939.0, 1023.0
921.0, 1036.0
903.0, 1042.0
863.0, 1045.0
796.0, 1046.0
768.0, 1043.0
764.0, 1038.0
786.0, 1014.0
818.0, 1006.0
885.0, 1004.0

容器 1 中的多边形 36:
1054.0, 2399.0
1063.0, 2401.0
1093.0, 2413.0
1108.0, 2428.0
1112.0, 2434.0
1119.0, 2459.0
1115.0, 2463.0
1108.0, 2466.0
1054.0, 2460.0
1037.0, 2457.0
1009.0, 2441.0
1005.0, 2437.0
1005.0, 2433.0
1004.0, 2428.0
1006.0, 2423.0
1021.0, 2403.0
1027.0, 2400.0
1038.0, 2397.0

容器 1 中的多边形 37:
1954.0, 2698.0
1956.0, 2701.0
1958.0, 2717.0
1958.0, 2722.0
1954.0, 2738.0
1952.0, 2743.0
1946.0, 2753.0
1913.0, 2760.0
1910.0, 2758.0
1895.0, 2672.0
1901.0, 2645.0
1930.0, 2642.0

容器 1 中的多边形 38:
1127.0, 432.0
1146.0, 442.0
1153.0, 448.0
1137.0, 461.0
1124.0, 467.0
1037.0, 477.0
1027.0, 476.0
1020.0, 472.0
1006.0, 452.0
1013.0, 443.0
1036.0, 431.0
1071.0, 427.0

容器 1 中的多边形 39:
1064.0, 3936.0
1076.0, 3949.0
1070.0, 3969.0
1065.0, 3980.0
1063.0, 3983.0
1032.0, 4014.0
1030.0, 4014.0
1020.0, 4008.0
1013.0, 4001.0
990.0, 3972.0
987.0, 3962.0
988.0, 3951.0
992.0, 3937.0
1002.0, 3932.0

容器 1 中的多边形 40:
1233.0, 4028.0
1239.0, 4031.0
1252.0, 4044.0
1238.0, 4069.0
1234.0, 4073.0
1209.0, 4086.0
1199.0, 4090.0
1187.0, 4093.0
1164.0, 4094.0
1158.0, 4092.0
1152.0, 4088.0
1151.0, 4071.0
1157.0, 4055.0
1166.0, 4045.0
1188.0, 4029.0
1193.0, 4026.0
1220.0, 4025.0

容器 1 中的多边形 41:
1966.0, 1692.0
1965.0, 1811.0
1960.0, 1842.0
1940.0, 1852.0
1935.0, 1822.0
1931.0, 1707.0
1949.0, 1689.0

容器 1 中的多边形 42:
1237.0, 3677.0
1259.0, 3680.0
1268.0, 3685.0
1274.0, 3697.0
1276.0, 3707.0
1267.0, 3724.0
1257.0, 3739.0
1231.0, 3750.0
1217.0, 3749.0
1212.0, 3741.0
1187.0, 3682.0
1193.0, 3679.0
1226.0, 3676.0

容器 1 中的多边形 43:
1289.0, 3761.0
1353.0, 3773.0
1394.0, 3782.0
1399.0, 3784.0
1403.0, 3788.0
1406.0, 3799.0
1399.0, 3801.0
1381.0, 3800.0
1318.0, 3794.0
1221.0, 3778.0
1218.0, 3772.0
1232.0, 3754.0

容器 1 中的多边形 44:
1580.0, 435.0
1590.0, 440.0
1597.0, 447.0
1586.0, 500.0
1576.0, 516.0
1549.0, 520.0
1531.0, 454.0
1529.0, 438.0
1542.0, 434.0
1551.0, 433.0

容器 1 中的多边形 45:
1672.0, 3867.0
1676.0, 3883.0
1665.0, 3907.0
1656.0, 3920.0
1645.0, 3926.0
1635.0, 3922.0
1624.0, 3912.0
1592.0, 3876.0
1593.0, 3871.0
1599.0, 3857.0
1603.0, 3851.0
1610.0, 3846.0
1617.0, 3845.0

容器 1 中的多边形 46:
1910.0, 1558.0
1920.0, 1559.0
1926.0, 1562.0
1934.0, 1581.0
1938.0, 1593.0
1938.0, 1601.0
1929.0, 1613.0
1920.0, 1622.0
1909.0, 1623.0
1884.0, 1624.0
1863.0, 1622.0
1860.0, 1613.0
1869.0, 1572.0
1883.0, 1557.0

容器 1 中的多边形 47:
1270.0, 4037.0
1316.0, 4045.0
1337.0, 4053.0
1344.0, 4065.0
1338.0, 4074.0
1325.0, 4084.0
1313.0, 4091.0
1297.0, 4094.0
1270.0, 4094.0
1240.0, 4079.0
1244.0, 4067.0
1254.0, 4055.0

容器 1 中的多边形 48:
1821.0, 2582.0
1850.0, 2622.0
1849.0, 2632.0
1846.0, 2651.0
1841.0, 2666.0
1838.0, 2672.0
1837.0, 2675.0
1818.0, 2670.0
1813.0, 2663.0
1787.0, 2622.0
1786.0, 2592.0
1790.0, 2584.0
1798.0, 2581.0

容器 1 中的多边形 49:
1692.0, 443.0
1695.0, 444.0
1701.0, 448.0
1681.0, 476.0
1647.0, 497.0
1641.0, 496.0
1603.0, 485.0
1600.0, 481.0
1598.0, 476.0
1598.0, 459.0
1607.0, 453.0
1630.0, 443.0
1647.0, 441.0
1677.0, 441.0

容器 1 中的多边形 50:
1277.0, 1464.0
1337.0, 1465.0
1353.0, 1467.0
1367.0, 1524.0
1350.0, 1524.0
1308.0, 1513.0
1293.0, 1504.0
1284.0, 1497.0

容器 1 中的多边形 51:
1076.0, 3572.0
1085.0, 3574.0
1106.0, 3586.0
1101.0, 3602.0
1094.0, 3612.0
1086.0, 3616.0
1078.0, 3618.0
1070.0, 3618.0
1040.0, 3615.0
1014.0, 3609.0
1006.0, 3600.0
1006.0, 3583.0
1008.0, 3575.0
1013.0, 3572.0
1066.0, 3571.0

容器 1 中的多边形 52:
1891.0, 2696.0
1887.0, 2727.0
1883.0, 2732.0
1867.0, 2748.0
1855.0, 2747.0
1852.0, 2737.0
1846.0, 2710.0
1847.0, 2678.0
1850.0, 2645.0
1869.0, 2637.0

容器 1 中的多边形 53:
1928.0, 1334.0
1934.0, 1337.0
1944.0, 1346.0
1962.0, 1382.0
1961.0, 1389.0
1957.0, 1393.0
1941.0, 1402.0
1933.0, 1405.0
1924.0, 1401.0
1918.0, 1395.0
1911.0, 1387.0
1891.0, 1359.0
1885.0, 1346.0
1898.0, 1336.0
1911.0, 1331.0

容器 1 中的多边形 54:
1187.0, 668.0
1165.0, 695.0
1113.0, 701.0
1101.0, 671.0
1107.0, 662.0
1120.0, 657.0
1139.0, 651.0
1174.0, 647.0

容器 1 中的多边形 55:
1727.0, 3888.0
1720.0, 3927.0
1714.0, 3943.0
1699.0, 3946.0
1692.0, 3943.0
1671.0, 3913.0
1676.0, 3892.0
1690.0, 3870.0
1704.0, 3862.0

容器 1 中的多边形 56:
1326.0, 3724.0
1345.0, 3733.0
1358.0, 3741.0
1361.0, 3746.0
1359.0, 3754.0
1354.0, 3762.0
1349.0, 3767.0
1344.0, 3768.0
1311.0, 3761.0
1276.0, 3747.0
1270.0, 3744.0
1267.0, 3740.0
1265.0, 3732.0
1272.0, 3720.0
1279.0, 3719.0
1300.0, 3718.0

容器 1 中的多边形 57:
1797.0, 1694.0
1812.0, 1712.0
1816.0, 1722.0
1809.0, 1736.0
1786.0, 1744.0
1758.0, 1744.0
1746.0, 1718.0
1743.0, 1697.0
1757.0, 1690.0

容器 1 中的多边形 58:
371.0, 3077.0
361.0, 3088.0
294.0, 3100.0
209.0, 3110.0
201.0, 3108.0
201.0, 3101.0
218.0, 3095.0
252.0, 3085.0
266.0, 3082.0
278.0, 3080.0
351.0, 3072.0
357.0, 3072.0

容器 1 中的多边形 59:
1936.0, 2767.0
1952.0, 2773.0
1973.0, 2783.0
1986.0, 2799.0
1950.0, 2836.0
1944.0, 2832.0
1909.0, 2780.0
1911.0, 2775.0
1917.0, 2763.0

容器 1 中的多边形 60:
456.0, 4017.0
466.0, 4036.0
460.0, 4038.0
394.0, 4045.0
338.0, 4048.0
333.0, 4045.0
337.0, 4033.0
366.0, 4024.0
394.0, 4018.0
443.0, 4014.0
450.0, 4014.0

容器 1 中的多边形 61:
1361.0, 600.0
1363.0, 610.0
1314.0, 635.0
1297.0, 642.0
1291.0, 642.0
1286.0, 638.0
1285.0, 633.0
1287.0, 613.0
1291.0, 598.0
1294.0, 591.0
1306.0, 590.0
1352.0, 588.0

容器 1 中的多边形 62:
541.0, 3012.0
599.0, 3019.0
612.0, 3025.0
620.0, 3034.0
616.0, 3039.0
606.0, 3041.0
568.0, 3047.0
544.0, 3047.0
538.0, 3046.0
530.0, 3042.0
519.0, 3032.0
512.0, 3021.0
510.0, 3014.0
519.0, 3011.0
528.0, 3011.0

容器 1 中的多边形 63:
1958.0, 1247.0
1959.0, 1276.0
1949.0, 1338.0
1935.0, 1333.0
1924.0, 1327.0
1914.0, 1308.0
1914.0, 1300.0
1927.0, 1272.0
1946.0, 1243.0

容器 1 中的多边形 64:
1512.0, 2716.0
1521.0, 2737.0
1519.0, 2742.0
1490.0, 2767.0
1463.0, 2774.0
1452.0, 2771.0
1455.0, 2751.0
1470.0, 2728.0
1481.0, 2717.0
1485.0, 2715.0
1498.0, 2710.0

容器 1 中的多边形 65:
982.0, 1006.0
995.0, 1022.0
998.0, 1043.0
997.0, 1050.0
992.0, 1058.0
946.0, 1055.0
943.0, 1049.0
942.0, 1017.0
946.0, 1010.0
956.0, 1003.0
971.0, 1003.0

容器 1 中的多边形 66:
1455.0, 3806.0
1457.0, 3806.0
1462.0, 3812.0
1470.0, 3833.0
1465.0, 3848.0
1445.0, 3848.0
1423.0, 3847.0
1420.0, 3845.0
1417.0, 3840.0
1406.0, 3810.0
1410.0, 3797.0
1413.0, 3792.0

容器 1 中的多边形 67:
1560.0, 3854.0
1575.0, 3860.0
1565.0, 3868.0
1556.0, 3870.0
1542.0, 3874.0
1472.0, 3864.0
1465.0, 3862.0
1463.0, 3853.0
1469.0, 3848.0
1498.0, 3836.0

容器 1 中的多边形 68:
671.0, 1006.0
719.0, 1009.0
734.0, 1011.0
743.0, 1020.0
716.0, 1028.0
619.0, 1024.0
606.0, 1019.0
602.0, 1013.0
611.0, 1007.0
623.0, 1005.0
643.0, 1005.0

容器 1 中的多边形 69:
1052.0, 2818.0
1118.0, 2826.0
1126.0, 2830.0
1132.0, 2837.0
1124.0, 2843.0
1099.0, 2843.0
1060.0, 2842.0
1003.0, 2837.0
1003.0, 2824.0

容器 1 中的多边形 70:
1759.0, 1468.0
1769.0, 1491.0
1757.0, 1494.0
1689.0, 1488.0
1677.0, 1485.0
1672.0, 1481.0
1668.0, 1475.0
1667.0, 1470.0
1673.0, 1466.0
1680.0, 1463.0
1715.0, 1463.0

容器 1 中的多边形 71:
112.0, 4017.0
138.0, 4020.0
141.0, 4025.0
134.0, 4029.0
102.0, 4036.0
66.0, 4038.0
56.0, 4036.0
2.0, 4021.0
10.0, 4012.0
17.0, 4012.0

容器 1 中的多边形 72:
1922.0, 13.0
1924.0, 36.0
1908.0, 39.0
1865.0, 36.0
1837.0, 14.0
1844.0, 4.0
1853.0, 2.0
1865.0, 2.0

容器 1 中的多边形 73:
548.0, 2015.0
559.0, 2018.0
552.0, 2037.0
496.0, 2047.0
478.0, 2049.0
460.0, 2041.0
465.0, 2032.0
472.0, 2026.0
489.0, 2020.0
530.0, 2014.0

容器 1 中的多边形 74:
1353.0, 2818.0
1364.0, 2823.0
1371.0, 2831.0
1360.0, 2839.0
1342.0, 2843.0
1318.0, 2843.0
1271.0, 2832.0
1266.0, 2824.0
1277.0, 2817.0
1321.0, 2812.0

容器 1 中的多边形 75:
1953.0, 1551.0
1951.0, 1553.0
1936.0, 1555.0
1871.0, 1554.0
1868.0, 1550.0
1869.0, 1545.0
1874.0, 1534.0
1898.0, 1528.0
1917.0, 1525.0
1955.0, 1524.0

容器 1 中的多边形 76:
352.0, 2087.0
344.0, 2094.0
329.0, 2104.0
316.0, 2108.0
281.0, 2115.0
262.0, 2116.0
250.0, 2114.0
240.0, 2107.0
239.0, 2103.0
249.0, 2098.0
308.0, 2084.0
317.0, 2083.0
341.0, 2083.0

容器 1 中的多边形 77:
1939.0, 4045.0
1973.0, 4053.0
1932.0, 4094.0
1926.0, 4093.0
1892.0, 4085.0
1891.0, 4084.0
1926.0, 4044.0

容器 1 中的多边形 78:
1518.0, 1568.0
1525.0, 1573.0
1524.0, 1582.0
1520.0, 1596.0
1513.0, 1600.0
1506.0, 1603.0
1497.0, 1604.0
1481.0, 1601.0
1466.0, 1595.0
1445.0, 1582.0
1448.0, 1576.0
1456.0, 1570.0
1511.0, 1567.0

容器 1 中的多边形 79:
1352.0, 2473.0
1359.0, 2479.0
1350.0, 2486.0
1333.0, 2493.0
1263.0, 2492.0
1252.0, 2481.0
1247.0, 2474.0
1254.0, 2473.0
1273.0, 2469.0
1299.0, 2468.0

容器 1 中的多边形 80:
1254.0, 629.0
1257.0, 637.0
1257.0, 643.0
1254.0, 646.0
1211.0, 673.0
1201.0, 675.0
1191.0, 668.0
1188.0, 665.0
1190.0, 658.0
1212.0, 632.0
1215.0, 629.0
1230.0, 619.0
1236.0, 618.0

容器 1 中的多边形 81:
1961.0, 449.0
1970.0, 451.0
1979.0, 454.0
1992.0, 466.0
1976.0, 479.0
1955.0, 481.0
1910.0, 477.0
1909.0, 470.0
1910.0, 463.0
1918.0, 453.0
1923.0, 450.0
1945.0, 447.0

容器 1 中的多边形 82:
1968.0, 384.0
1967.0, 412.0
1966.0, 423.0
1960.0, 441.0
1950.0, 444.0
1941.0, 442.0
1931.0, 441.0
1931.0, 425.0
1933.0, 389.0
1940.0, 375.0

容器 1 中的多边形 83:
1990.0, 1567.0
1979.0, 1602.0
1975.0, 1611.0
1962.0, 1610.0
1954.0, 1603.0
1936.0, 1577.0
1943.0, 1565.0
1949.0, 1557.0
1981.0, 1553.0

容器 1 中的多边形 84:
1970.0, 2643.0
1988.0, 2667.0
1985.0, 2702.0
1963.0, 2705.0
1952.0, 2684.0
1946.0, 2667.0
1946.0, 2636.0

容器 1 中的多边形 85:
1997.0, 2845.0
2009.0, 2851.0
1993.0, 2866.0
1989.0, 2868.0
1921.0, 2862.0
1910.0, 2860.0
1902.0, 2855.0
1906.0, 2847.0
1914.0, 2843.0
1932.0, 2841.0

容器 1 中的多边形 86:
1985.0, 345.0
1991.0, 354.0
1996.0, 363.0
1984.0, 384.0
1970.0, 380.0
1943.0, 358.0
1944.0, 337.0
1955.0, 323.0
1965.0, 321.0

容器 1 中的多边形 87:
1982.0, 1633.0
1984.0, 1637.0
1993.0, 1663.0
1989.0, 1677.0
1984.0, 1690.0
1979.0, 1690.0
1967.0, 1688.0
1956.0, 1683.0
1951.0, 1678.0
1943.0, 1659.0
1945.0, 1656.0
1957.0, 1642.0
1976.0, 1628.0

容器 1 中的多边形 88:
1980.0, 19.0
1986.0, 25.0
1987.0, 36.0
1982.0, 48.0
1953.0, 50.0
1936.0, 41.0
1927.0, 31.0
1932.0, 14.0
1938.0, 6.0
1949.0, 2.0

容器 1 中的多边形 89:
541.0, 4019.0
544.0, 4033.0
541.0, 4039.0
508.0, 4048.0
468.0, 4049.0
467.0, 4044.0
467.0, 4037.0
469.0, 4030.0
471.0, 4020.0
528.0, 4018.0

容器 1 中的多边形 90:
1214.0, 2815.0
1233.0, 2823.0
1240.0, 2830.0
1242.0, 2835.0
1229.0, 2837.0
1153.0, 2838.0
1133.0, 2835.0
1130.0, 2826.0
1151.0, 2821.0
1179.0, 2816.0
1200.0, 2815.0

容器 1 中的多边形 91:
2002.0, 1342.0
2009.0, 1346.0
2012.0, 1358.0
1987.0, 1382.0
1973.0, 1380.0
1968.0, 1378.0
1960.0, 1368.0
1951.0, 1342.0
1963.0, 1337.0
1987.0, 1337.0

容器 1 中的多边形 92:
760.0, 4017.0
768.0, 4021.0
769.0, 4026.0
766.0, 4029.0
755.0, 4036.0
737.0, 4038.0
721.0, 4037.0
674.0, 4031.0
667.0, 4029.0
670.0, 4021.0
676.0, 4017.0
685.0, 4014.0
746.0, 4014.0

容器 1 中的多边形 93:
1978.0, 1219.0
1995.0, 1224.0
2002.0, 1248.0
2001.0, 1262.0
1990.0, 1272.0
1974.0, 1270.0
1952.0, 1225.0
1960.0, 1217.0

容器 1 中的多边形 94:
2014.0, 1850.0
2010.0, 1856.0
1978.0, 1881.0
1969.0, 1884.0
1962.0, 1880.0
1948.0, 1854.0
1965.0, 1844.0
1985.0, 1836.0
1997.0, 1836.0

容器 1 中的多边形 95:
1990.0, 278.0
1992.0, 292.0
1992.0, 298.0
1989.0, 320.0
1983.0, 327.0
1978.0, 326.0
1966.0, 318.0
1952.0, 295.0
1955.0, 269.0
1973.0, 263.0

容器 1 中的多边形 96:
2009.0, 3861.0
2009.0, 3873.0
2001.0, 3887.0
1974.0, 3888.0
1960.0, 3878.0
1951.0, 3864.0
1955.0, 3852.0
1976.0, 3845.0

容器 1 中的多边形 97:
2005.0, 2733.0
2004.0, 2739.0
1986.0, 2779.0
1973.0, 2779.0
1953.0, 2769.0
1951.0, 2765.0
1953.0, 2747.0
1958.0, 2743.0
1971.0, 2734.0
1997.0, 2731.0

容器 1 中的多边形 98:
1995.0, 1509.0
2003.0, 1528.0
2000.0, 1534.0
1992.0, 1545.0
1985.0, 1550.0
1979.0, 1549.0
1971.0, 1543.0
1964.0, 1533.0
1951.0, 1506.0
1975.0, 1492.0

容器 1 中的多边形 99:
685.0, 3012.0
714.0, 3025.0
716.0, 3030.0
679.0, 3035.0
630.0, 3031.0
621.0, 3029.0
617.0, 3021.0
622.0, 3012.0
626.0, 3012.0
635.0, 3011.0

容器 1 中的多边形 100:
2013.0, 1290.0
2018.0, 1316.0
2017.0, 1321.0
2011.0, 1324.0
1986.0, 1333.0
1983.0, 1333.0
1958.0, 1304.0
1993.0, 1289.0
1999.0, 1288.0
2009.0, 1288.0

容器 1 中的多边形 101:
1087.0, 2566.0
1085.0, 2572.0
1077.0, 2579.0
1064.0, 2587.0
1015.0, 2602.0
1010.0, 2600.0
1004.0, 2586.0
1003.0, 2582.0
1007.0, 2578.0
1063.0, 2565.0
1084.0, 2561.0

容器 1 中的多边形 102:
2011.0, 1183.0
1986.0, 1217.0
1972.0, 1212.0
1960.0, 1198.0
1972.0, 1173.0
2010.0, 1162.0

容器 1 中的多边形 103:
1989.0, 219.0
2010.0, 253.0
1991.0, 274.0
1974.0, 261.0
1963.0, 242.0
1962.0, 236.0
1979.0, 208.0

容器 1 中的多边形 104:
1543.0, 2692.0
1596.0, 2700.0
1589.0, 2710.0
1574.0, 2717.0
1569.0, 2718.0
1558.0, 2718.0
1547.0, 2717.0
1512.0, 2712.0
1505.0, 2708.0
1501.0, 2700.0
1503.0, 2699.0
1517.0, 2697.0

容器 1 中的多边形 105:
2014.0, 1792.0
1998.0, 1833.0
1976.0, 1830.0
1969.0, 1823.0
1969.0, 1789.0
2000.0, 1785.0

容器 1 中的多边形 106:
1790.0, 441.0
1804.0, 449.0
1801.0, 458.0
1795.0, 459.0
1772.0, 459.0
1735.0, 458.0
1705.0, 456.0
1702.0, 453.0
1715.0, 443.0
1733.0, 439.0

容器 1 中的多边形 107:
2012.0, 1402.0
2015.0, 1412.0
2016.0, 1422.0
2003.0, 1432.0
1982.0, 1421.0
1959.0, 1405.0
1987.0, 1386.0
2002.0, 1381.0

容器 1 中的多边形 108:
1516.0, 537.0
1525.0, 541.0
1521.0, 550.0
1515.0, 553.0
1498.0, 559.0
1476.0, 565.0
1444.0, 569.0
1441.0, 568.0
1435.0, 560.0
1458.0, 547.0
1508.0, 535.0

容器 1 中的多边形 109:
2001.0, 1758.0
2002.0, 1773.0
1998.0, 1778.0
1991.0, 1782.0
1975.0, 1784.0
1969.0, 1776.0
1969.0, 1730.0
1986.0, 1719.0

容器 1 中的多边形 110:
2012.0, 4059.0
2007.0, 4063.0
1993.0, 4069.0
1989.0, 4070.0
1968.0, 4035.0
1969.0, 4032.0
1982.0, 4024.0
2010.0, 4015.0

容器 1 中的多边形 111:
2033.0, 2463.0
2041.0, 2473.0
2036.0, 2476.0
1985.0, 2490.0
1954.0, 2486.0
1949.0, 2483.0
1958.0, 2472.0
1972.0, 2469.0
2015.0, 2462.0

容器 1 中的多边形 112:
2007.0, 48.0
2012.0, 50.0
2016.0, 54.0
2012.0, 70.0
2007.0, 82.0
2000.0, 94.0
1988.0, 98.0
1983.0, 94.0
1970.0, 60.0
1981.0, 51.0
1987.0, 48.0
1994.0, 47.0
2000.0, 47.0

容器 1 中的多边形 113:
63.0, 3115.0
76.0, 3121.0
81.0, 3127.0
78.0, 3132.0
66.0, 3135.0
39.0, 3138.0
13.0, 3138.0
4.0, 3123.0
2.0, 3115.0
14.0, 3113.0

容器 1 中的多边形 114:
1017.0, 3898.0
1034.0, 3904.0
1057.0, 3914.0
1067.0, 3920.0
1064.0, 3923.0
1058.0, 3927.0
1034.0, 3929.0
1029.0, 3928.0
1008.0, 3926.0
993.0, 3913.0
989.0, 3906.0
999.0, 3898.0
1007.0, 3897.0

容器 1 中的多边形 115:
76.0, 2164.0
77.0, 2173.0
58.0, 2181.0
43.0, 2186.0
24.0, 2190.0
12.0, 2189.0
2.0, 2186.0
6.0, 2173.0
19.0, 2160.0

容器 1 中的多边形 116:
1291.0, 433.0
1307.0, 435.0
1312.0, 437.0
1317.0, 440.0
1313.0, 447.0
1278.0, 456.0
1263.0, 455.0
1252.0, 452.0
1237.0, 444.0
1234.0, 433.0
1250.0, 429.0

容器 1 中的多边形 117:
1016.0, 3729.0
1035.0, 3753.0
1039.0, 3766.0
1027.0, 3778.0
1012.0, 3783.0
1004.0, 3783.0
1001.0, 3770.0
999.0, 3739.0
1012.0, 3726.0

容器 1 中的多边形 118:
1993.0, 410.0
2007.0, 416.0
2016.0, 421.0
2016.0, 428.0
2006.0, 444.0
2002.0, 449.0
2001.0, 451.0
1993.0, 456.0
1986.0, 457.0
1984.0, 455.0
1977.0, 438.0
1970.0, 415.0
1975.0, 406.0

容器 1 中的多边形 119:
1906.0, 1403.0
1878.0, 1421.0
1857.0, 1422.0
1854.0, 1406.0
1860.0, 1390.0
1884.0, 1376.0

容器 1 中的多边形 120:
1119.0, 3597.0
1149.0, 3619.0
1153.0, 3624.0
1152.0, 3631.0
1147.0, 3638.0
1105.0, 3630.0
1102.0, 3623.0
1101.0, 3615.0
1102.0, 3607.0
1108.0, 3592.0

容器 1 中的多边形 121:
2012.0, 2624.0
2023.0, 2630.0
2028.0, 2642.0
2025.0, 2646.0
2016.0, 2655.0
2000.0, 2656.0
1990.0, 2655.0
1984.0, 2652.0
1975.0, 2644.0
1967.0, 2635.0
1972.0, 2629.0
1979.0, 2627.0
2004.0, 2623.0

容器 1 中的多边形 122:
2042.0, 2823.0
2043.0, 2830.0
2043.0, 2836.0
2037.0, 2839.0
2031.0, 2841.0
1980.0, 2840.0
1960.0, 2835.0
1961.0, 2830.0
1971.0, 2823.0
1984.0, 2820.0

容器 1 中的多边形 123:
1999.0, 184.0
2007.0, 185.0
2025.0, 190.0
2029.0, 194.0
2032.0, 203.0
2026.0, 211.0
2021.0, 214.0
2016.0, 215.0
1978.0, 204.0
1972.0, 201.0
1970.0, 185.0
1977.0, 183.0

容器 1 中的多边形 124:
2006.0, 1123.0
2015.0, 1133.0
2020.0, 1146.0
2020.0, 1152.0
2015.0, 1159.0
2004.0, 1159.0
1996.0, 1157.0
1974.0, 1143.0
1970.0, 1135.0
1974.0, 1125.0
1993.0, 1119.0

容器 1 中的多边形 125:
2004.0, 162.0
2001.0, 172.0
1988.0, 165.0
1980.0, 154.0
1977.0, 145.0
1975.0, 132.0
1978.0, 112.0
1996.0, 99.0

容器 1 中的多边形 126:
2022.0, 486.0
2010.0, 510.0
1986.0, 519.0
1977.0, 487.0
1995.0, 468.0

容器 1 中的多边形 127:
2017.0, 4077.0
2026.0, 4077.0
2033.0, 4080.0
2039.0, 4085.0
2039.0, 4094.0
1995.0, 4094.0
1963.0, 4090.0
1948.0, 4085.0
1955.0, 4076.0
1998.0, 4076.0

容器 1 中的多边形 128:
1041.0, 493.0
1049.0, 497.0
1060.0, 506.0
1051.0, 514.0
1026.0, 526.0
1018.0, 528.0
1010.0, 524.0
1006.0, 517.0
1010.0, 496.0
1025.0, 488.0

容器 1 中的多边形 129:
1227.0, 3996.0
1242.0, 4003.0
1236.0, 4009.0
1232.0, 4011.0
1192.0, 4016.0
1181.0, 4016.0
1180.0, 4014.0
1173.0, 3989.0
1187.0, 3986.0

容器 1 中的多边形 130:
1991.0, 1882.0
2012.0, 1888.0
2035.0, 1899.0
2040.0, 1905.0
2044.0, 1912.0
2023.0, 1914.0
2009.0, 1914.0
1966.0, 1889.0
1973.0, 1886.0
1980.0, 1884.0

容器 1 中的多边形 131:
2026.0, 2702.0
2041.0, 2705.0
2041.0, 2712.0
2037.0, 2718.0
2031.0, 2721.0
1997.0, 2727.0
1982.0, 2724.0
1973.0, 2720.0
1969.0, 2715.0
1976.0, 2708.0
1994.0, 2703.0

容器 1 中的多边形 132:
2000.0, 523.0
2008.0, 533.0
2010.0, 543.0
1999.0, 616.0
1985.0, 540.0
1985.0, 530.0
1987.0, 523.0
1993.0, 521.0

容器 1 中的多边形 133:
1723.0, 1696.0
1732.0, 1700.0
1731.0, 1710.0
1729.0, 1716.0
1719.0, 1719.0
1708.0, 1719.0
1667.0, 1697.0
1667.0, 1686.0
1679.0, 1686.0

容器 1 中的多边形 134:
2023.0, 1688.0
2030.0, 1694.0
2007.0, 1721.0
1974.0, 1713.0
1972.0, 1708.0
1982.0, 1695.0
1998.0, 1688.0
2009.0, 1684.0

容器 1 中的多边形 135:
2018.0, 1080.0
2000.0, 1109.0
1990.0, 1115.0
1980.0, 1119.0
1973.0, 1111.0
1975.0, 1103.0
1986.0, 1076.0
1993.0, 1074.0
2018.0, 1069.0

容器 1 中的多边形 136:
1484.0, 1465.0
1488.0, 1469.0
1493.0, 1473.0
1484.0, 1519.0
1482.0, 1518.0
1471.0, 1507.0
1456.0, 1488.0
1455.0, 1484.0
1456.0, 1478.0
1461.0, 1471.0
1478.0, 1464.0

容器 1 中的多边形 137:
2018.0, 1605.0
2015.0, 1637.0
1984.0, 1632.0
1977.0, 1626.0
1974.0, 1622.0
1975.0, 1616.0
1993.0, 1597.0
1997.0, 1597.0

容器 1 中的多边形 138:
2010.0, 3.0
2016.0, 5.0
2027.0, 28.0
2025.0, 33.0
2021.0, 40.0
2011.0, 38.0
2002.0, 35.0
1988.0, 24.0
1974.0, 5.0
1979.0, 2.0

容器 1 中的多边形 139:
1410.0, 2808.0
1409.0, 2830.0
1405.0, 2835.0
1400.0, 2840.0
1392.0, 2839.0
1375.0, 2829.0
1365.0, 2811.0
1379.0, 2804.0
1401.0, 2801.0

容器 1 中的多边形 140:
2013.0, 1450.0
2011.0, 1477.0
1997.0, 1488.0
1978.0, 1477.0
1988.0, 1448.0
1990.0, 1444.0
1996.0, 1437.0
2005.0, 1435.0

容器 1 中的多边形 141:
1993.0, 1030.0
2015.0, 1032.0
2019.0, 1034.0
2019.0, 1048.0
2013.0, 1061.0
2004.0, 1068.0
1994.0, 1070.0
1983.0, 1068.0
1982.0, 1054.0
1985.0, 1036.0

容器 1 中的多边形 142:
2007.0, 317.0
2014.0, 323.0
2024.0, 334.0
2026.0, 345.0
2010.0, 359.0
2006.0, 362.0
2000.0, 360.0
1995.0, 353.0
1989.0, 337.0
1989.0, 333.0
1993.0, 316.0
1998.0, 312.0

容器 1 中的多边形 143:
1062.0, 2725.0
1070.0, 2729.0
1073.0, 2737.0
1067.0, 2741.0
1031.0, 2745.0
1004.0, 2740.0
1003.0, 2726.0
1038.0, 2724.0

容器 1 中的多边形 144:
2029.0, 383.0
2034.0, 387.0
2036.0, 394.0
2033.0, 399.0
2027.0, 405.0
2014.0, 407.0
2006.0, 406.0
1988.0, 405.0
1974.0, 398.0
1977.0, 390.0
1995.0, 385.0
2024.0, 381.0

容器 1 中的多边形 145:
1760.0, 3849.0
1772.0, 3860.0
1743.0, 3869.0
1718.0, 3868.0
1708.0, 3861.0
1705.0, 3850.0
1713.0, 3847.0
1753.0, 3846.0

容器 1 中的多边形 146:
1924.0, 1796.0
1926.0, 1800.0
1926.0, 1820.0
1907.0, 1823.0
1884.0, 1816.0
1872.0, 1805.0
1889.0, 1795.0
1909.0, 1795.0

容器 1 中的多边形 147:
2025.0, 2770.0
2036.0, 2779.0
2034.0, 2787.0
2027.0, 2795.0
2009.0, 2800.0
2002.0, 2800.0
1989.0, 2793.0
1987.0, 2791.0
1986.0, 2785.0
1990.0, 2780.0
1994.0, 2776.0
2011.0, 2767.0

容器 1 中的多边形 148:
2025.0, 987.0
2012.0, 1026.0
2005.0, 1028.0
1991.0, 997.0
1993.0, 985.0
2027.0, 974.0

容器 1 中的多边形 149:
2026.0, 1536.0
2030.0, 1550.0
2031.0, 1557.0
2030.0, 1562.0
2024.0, 1569.0
2008.0, 1575.0
1996.0, 1566.0
1991.0, 1561.0
1991.0, 1555.0
1999.0, 1543.0
2019.0, 1535.0

容器 1 中的多边形 150:
1392.0, 3808.0
1392.0, 3831.0
1381.0, 3830.0
1375.0, 3830.0
1345.0, 3817.0
1341.0, 3810.0
1339.0, 3803.0
1346.0, 3801.0
1360.0, 3801.0

容器 1 中的多边形 151:
2029.0, 2497.0
2026.0, 2514.0
2008.0, 2526.0
1996.0, 2515.0
1989.0, 2504.0
1993.0, 2492.0
2022.0, 2484.0

容器 1 中的多边形 152:
2021.0, 1923.0
2024.0, 1941.0
2024.0, 1957.0
2022.0, 1965.0
2015.0, 1968.0
1987.0, 1924.0
2009.0, 1917.0
2016.0, 1917.0

容器 1 中的多边形 153:
2018.0, 621.0
2025.0, 622.0
2029.0, 628.0
2030.0, 635.0
2029.0, 642.0
2014.0, 655.0
2006.0, 658.0
2001.0, 656.0
1997.0, 651.0
1995.0, 644.0
1992.0, 629.0
1996.0, 620.0
2003.0, 620.0

容器 1 中的多边形 154:
1047.0, 728.0
1051.0, 734.0
1039.0, 748.0
1032.0, 753.0
1014.0, 759.0
1009.0, 756.0
1006.0, 750.0
1005.0, 729.0
1023.0, 726.0
1037.0, 726.0

容器 1 中的多边形 155:
1029.0, 616.0
1034.0, 617.0
1048.0, 622.0
1073.0, 637.0
1051.0, 643.0
1033.0, 639.0
1008.0, 629.0
1005.0, 624.0
1007.0, 615.0

容器 1 中的多边形 156:
38.0, 1003.0
63.0, 1006.0
70.0, 1008.0
76.0, 1009.0
73.0, 1015.0
67.0, 1019.0
43.0, 1021.0
15.0, 1021.0
10.0, 1018.0
2.0, 1006.0
14.0, 1003.0

容器 1 中的多边形 157:
431.0, 3061.0
445.0, 3069.0
424.0, 3076.0
390.0, 3082.0
374.0, 3076.0
372.0, 3072.0
376.0, 3067.0
381.0, 3064.0
422.0, 3059.0

容器 1 中的多边形 158:
1195.0, 3732.0
1204.0, 3738.0
1206.0, 3749.0
1197.0, 3757.0
1189.0, 3763.0
1178.0, 3764.0
1159.0, 3760.0
1167.0, 3745.0
1183.0, 3730.0

容器 1 中的多边形 159:
2035.0, 261.0
2033.0, 273.0
2007.0, 298.0
2002.0, 300.0
1998.0, 301.0
1995.0, 296.0
1995.0, 286.0
2007.0, 260.0
2027.0, 257.0

容器 1 中的多边形 160:
1788.0, 1502.0
1791.0, 1506.0
1793.0, 1513.0
1787.0, 1527.0
1780.0, 1528.0
1768.0, 1524.0
1755.0, 1515.0
1750.0, 1508.0
1750.0, 1501.0
1774.0, 1492.0

容器 1 中的多边形 161:
222.0, 4081.0
217.0, 4086.0
206.0, 4094.0
186.0, 4093.0
177.0, 4093.0
158.0, 4091.0
154.0, 4087.0
154.0, 4079.0
180.0, 4074.0
193.0, 4074.0

容器 1 中的多边形 162:
265.0, 3013.0
252.0, 3022.0
247.0, 3024.0
210.0, 3032.0
201.0, 3031.0
191.0, 3028.0
183.0, 3020.0
196.0, 3016.0
223.0, 3013.0
252.0, 3011.0

容器 1 中的多边形 163:
1071.0, 2464.0
1074.0, 2471.0
1065.0, 2478.0
1041.0, 2482.0
1010.0, 2479.0
1007.0, 2475.0
1004.0, 2469.0
1010.0, 2467.0
1044.0, 2463.0
1056.0, 2462.0

容器 1 中的多边形 164:
1892.0, 4023.0
1909.0, 4039.0
1900.0, 4055.0
1879.0, 4049.0
1870.0, 4045.0
1867.0, 4036.0
1871.0, 4019.0

容器 1 中的多边形 165:
2030.0, 2668.0
2035.0, 2675.0
2029.0, 2692.0
1997.0, 2686.0
1991.0, 2675.0
1996.0, 2659.0

容器 1 中的多边形 166:
1433.0, 2473.0
1428.0, 2480.0
1421.0, 2483.0
1398.0, 2487.0
1385.0, 2485.0
1363.0, 2480.0
1360.0, 2476.0
1374.0, 2470.0
1388.0, 2468.0
1414.0, 2468.0

容器 1 中的多边形 167:
2036.0, 1644.0
2034.0, 1658.0
2029.0, 1664.0
2020.0, 1666.0
2013.0, 1667.0
1996.0, 1662.0
1990.0, 1640.0
2000.0, 1639.0

容器 1 中的多边形 168:
1536.0, 512.0
1541.0, 528.0
1538.0, 540.0
1529.0, 540.0
1500.0, 526.0
1503.0, 515.0
1511.0, 505.0

容器 1 中的多边形 169:
2024.0, 2863.0
2038.0, 2874.0
2028.0, 2887.0
2024.0, 2890.0
2008.0, 2891.0
2001.0, 2888.0
1993.0, 2873.0
1999.0, 2864.0
2010.0, 2860.0

容器 1 中的多边形 170:
2035.0, 3894.0
2040.0, 3899.0
2042.0, 3903.0
2035.0, 3911.0
2029.0, 3914.0
2018.0, 3916.0
1998.0, 3909.0
1988.0, 3905.0
1996.0, 3895.0
2001.0, 3891.0
2013.0, 3890.0

容器 1 中的多边形 171:
1103.0, 4075.0
1132.0, 4083.0
1133.0, 4091.0
1127.0, 4094.0
1093.0, 4093.0
1076.0, 4090.0
1070.0, 4087.0
1074.0, 4080.0
1081.0, 4075.0
1090.0, 4072.0

容器 1 中的多边形 172:
1377.0, 4075.0
1385.0, 4079.0
1394.0, 4086.0
1396.0, 4091.0
1386.0, 4093.0
1343.0, 4094.0
1338.0, 4093.0
1333.0, 4087.0
1335.0, 4081.0
1362.0, 4074.0

容器 1 中的多边形 173:
1580.0, 3883.0
1595.0, 3889.0
1597.0, 3894.0
1590.0, 3899.0
1581.0, 3901.0
1571.0, 3900.0
1543.0, 3890.0
1536.0, 3885.0
1541.0, 3880.0
1545.0, 3877.0
1556.0, 3875.0

容器 1 中的多边形 174:
1823.0, 1750.0
1829.0, 1768.0
1827.0, 1772.0
1821.0, 1776.0
1816.0, 1775.0
1808.0, 1772.0
1789.0, 1759.0
1781.0, 1750.0
1788.0, 1747.0
1802.0, 1744.0

容器 1 中的多边形 175:
2020.0, 1492.0
2025.0, 1494.0
2027.0, 1500.0
2027.0, 1506.0
2025.0, 1519.0
2021.0, 1528.0
2017.0, 1527.0
1986.0, 1495.0
2003.0, 1490.0
2008.0, 1489.0

容器 1 中的多边形 176:
2027.0, 668.0
2028.0, 674.0
2028.0, 685.0
2023.0, 698.0
2015.0, 700.0
2007.0, 692.0
1998.0, 680.0
1994.0, 673.0
1995.0, 667.0
2001.0, 663.0
2007.0, 661.0

容器 1 中的多边形 177:
2026.0, 3832.0
2030.0, 3857.0
2018.0, 3865.0
1995.0, 3852.0
2008.0, 3824.0

容器 1 中的多边形 178:
1164.0, 3633.0
1189.0, 3642.0
1203.0, 3651.0
1205.0, 3661.0
1198.0, 3667.0
1192.0, 3665.0
1180.0, 3662.0
1170.0, 3654.0
1155.0, 3639.0
1155.0, 3631.0

容器 1 中的多边形 179:
2019.0, 704.0
2025.0, 707.0
2023.0, 731.0
2017.0, 745.0
2004.0, 740.0
2001.0, 731.0
1997.0, 703.0
2005.0, 703.0

容器 1 中的多边形 180:
2033.0, 1208.0
2041.0, 1209.0
2040.0, 1213.0
2033.0, 1226.0
2024.0, 1233.0
2018.0, 1235.0
1995.0, 1219.0
1993.0, 1215.0
2005.0, 1206.0

容器 1 中的多边形 181:
2020.0, 935.0
2022.0, 941.0
2022.0, 953.0
2021.0, 962.0
2016.0, 969.0
2008.0, 976.0
2002.0, 977.0
1999.0, 973.0
1997.0, 968.0
2000.0, 935.0
2008.0, 933.0

容器 1 中的多边形 182:
1018.0, 2359.0
1026.0, 2363.0
1039.0, 2380.0
1031.0, 2391.0
1016.0, 2396.0
1011.0, 2393.0
1008.0, 2384.0
1004.0, 2358.0
1012.0, 2358.0

容器 1 中的多边形 183:
2019.0, 1726.0
2036.0, 1729.0
2038.0, 1738.0
2031.0, 1750.0
2024.0, 1757.0
2017.0, 1755.0
2005.0, 1745.0
1998.0, 1738.0
2003.0, 1724.0

容器 1 中的多边形 184:
2042.0, 100.0
2036.0, 112.0
2007.0, 123.0
2004.0, 121.0
2001.0, 116.0
1998.0, 99.0
2002.0, 97.0
2027.0, 93.0

容器 1 中的多边形 185:
1769.0, 2534.0
1794.0, 2557.0
1792.0, 2565.0
1765.0, 2569.0
1759.0, 2567.0
1756.0, 2558.0
1759.0, 2542.0
1762.0, 2537.0

容器 1 中的多边形 186:
2034.0, 219.0
2044.0, 226.0
2042.0, 233.0
2022.0, 241.0
2007.0, 244.0
1996.0, 224.0
2006.0, 218.0
2016.0, 218.0

容器 1 中的多边形 187:
2024.0, 456.0
2041.0, 460.0
2041.0, 482.0
2038.0, 485.0
2019.0, 477.0
2002.0, 467.0
1996.0, 459.0
2002.0, 455.0
2009.0, 454.0

容器 1 中的多边形 188:
38.0, 2008.0
46.0, 2020.0
10.0, 2036.0
3.0, 2031.0
2.0, 2022.0
2.0, 2016.0
4.0, 2012.0
14.0, 2007.0

容器 1 中的多边形 189:
1546.0, 1606.0
1547.0, 1611.0
1548.0, 1622.0
1547.0, 1625.0
1540.0, 1630.0
1537.0, 1630.0
1515.0, 1619.0
1509.0, 1614.0
1507.0, 1606.0
1521.0, 1601.0
1536.0, 1600.0

容器 1 中的多边形 190:
502.0, 3053.0
509.0, 3057.0
512.0, 3063.0
500.0, 3065.0
449.0, 3066.0
441.0, 3064.0
435.0, 3059.0
445.0, 3056.0
465.0, 3052.0
491.0, 3052.0

容器 1 中的多边形 191:
2032.0, 1285.0
1992.0, 1284.0
2006.0, 1261.0
2031.0, 1255.0

容器 1 中的多边形 192:
1795.0, 2657.0
1801.0, 2659.0
1808.0, 2666.0
1797.0, 2668.0
1761.0, 2670.0
1754.0, 2670.0
1745.0, 2669.0
1741.0, 2660.0
1757.0, 2654.0
1767.0, 2652.0

容器 1 中的多边形 193:
2032.0, 1581.0
2038.0, 1587.0
2041.0, 1603.0
2041.0, 1609.0
2035.0, 1608.0
2005.0, 1594.0
1996.0, 1585.0
2008.0, 1579.0
2022.0, 1577.0

容器 1 中的多边形 194:
2026.0, 2534.0
2037.0, 2570.0
2018.0, 2564.0
2000.0, 2549.0
2009.0, 2530.0

容器 1 中的多边形 195:
2025.0, 751.0
2029.0, 762.0
2017.0, 788.0
2013.0, 790.0
2005.0, 792.0
2002.0, 782.0
2004.0, 759.0
2007.0, 755.0
2019.0, 747.0

容器 1 中的多边形 196:
1036.0, 3543.0
1056.0, 3556.0
1058.0, 3562.0
1047.0, 3564.0
1014.0, 3563.0
1008.0, 3562.0
1004.0, 3560.0
1006.0, 3554.0
1012.0, 3549.0
1027.0, 3543.0

容器 1 中的多边形 197:
2020.0, 1854.0
2043.0, 1873.0
2041.0, 1878.0
2023.0, 1882.0
2003.0, 1881.0
1998.0, 1877.0
2000.0, 1870.0
2013.0, 1857.0
2016.0, 1855.0

容器 1 中的多边形 198:
2040.0, 1376.0
2035.0, 1397.0
2030.0, 1400.0
2013.0, 1390.0
2001.0, 1373.0
2007.0, 1369.0
2016.0, 1366.0

容器 1 中的多边形 199:
1040.0, 2845.0
1056.0, 2846.0
1063.0, 2850.0
1052.0, 2857.0
1046.0, 2860.0
1010.0, 2859.0
1005.0, 2857.0
1003.0, 2850.0
1008.0, 2844.0
1020.0, 2843.0

容器 1 中的多边形 200:
2031.0, 514.0
2036.0, 534.0
2032.0, 545.0
2028.0, 550.0
2017.0, 540.0
2001.0, 517.0
2029.0, 510.0

容器 1 中的多边形 201:
2034.0, 798.0
2027.0, 819.0
2018.0, 825.0
2003.0, 821.0
2003.0, 798.0
2019.0, 791.0

容器 1 中的多边形 202:
2033.0, 2425.0
2026.0, 2438.0
2016.0, 2453.0
2005.0, 2460.0
2000.0, 2455.0
2004.0, 2430.0
2013.0, 2420.0
2016.0, 2418.0

容器 1 中的多边形 203:
2032.0, 126.0
2038.0, 129.0
2043.0, 136.0
2029.0, 148.0
2025.0, 152.0
2012.0, 152.0
2009.0, 149.0
2003.0, 132.0
2010.0, 126.0
2023.0, 125.0

容器 1 中的多边形 204:
1038.0, 3619.0
1044.0, 3622.0
1008.0, 3654.0
1003.0, 3653.0
1003.0, 3649.0
1006.0, 3625.0
1013.0, 3621.0
1027.0, 3618.0
1031.0, 3618.0

容器 1 中的多边形 205:
2038.0, 2742.0
2036.0, 2759.0
2015.0, 2764.0
1999.0, 2760.0
2009.0, 2744.0
2021.0, 2733.0

容器 1 中的多边形 206:
2023.0, 902.0
2043.0, 914.0
2029.0, 925.0
2014.0, 931.0
2009.0, 929.0
2003.0, 919.0
2003.0, 916.0
2010.0, 901.0
2016.0, 899.0

容器 1 中的多边形 207:
2032.0, 301.0
2040.0, 307.0
2039.0, 324.0
2035.0, 332.0
2027.0, 328.0
1999.0, 305.0
2005.0, 302.0
2013.0, 300.0

容器 1 中的多边形 208:
1844.0, 440.0
1849.0, 444.0
1850.0, 457.0
1849.0, 462.0
1817.0, 460.0
1814.0, 459.0
1811.0, 456.0
1813.0, 450.0
1819.0, 443.0
1826.0, 439.0
1837.0, 436.0

容器 1 中的多边形 209:
629.0, 2012.0
620.0, 2018.0
595.0, 2025.0
576.0, 2026.0
564.0, 2024.0
562.0, 2019.0
576.0, 2009.0

容器 1 中的多边形 210:
2020.0, 2569.0
2037.0, 2581.0
2037.0, 2585.0
2029.0, 2599.0
2026.0, 2600.0
2011.0, 2594.0
2006.0, 2591.0
2005.0, 2587.0
2004.0, 2574.0
2007.0, 2570.0
2013.0, 2567.0

容器 1 中的多边形 211:
2034.0, 589.0
2025.0, 618.0
2011.0, 616.0
2002.0, 611.0
2005.0, 598.0
2011.0, 589.0
2017.0, 583.0

容器 1 中的多边形 212:
1386.0, 3760.0
1410.0, 3774.0
1402.0, 3780.0
1366.0, 3774.0
1358.0, 3771.0
1357.0, 3763.0
1376.0, 3755.0

容器 1 中的多边形 213:
2042.0, 833.0
2043.0, 841.0
2034.0, 847.0
2012.0, 853.0
2006.0, 843.0
2005.0, 839.0
2005.0, 831.0
2038.0, 826.0

容器 1 中的多边形 214:
2028.0, 3797.0
2029.0, 3809.0
2029.0, 3817.0
2027.0, 3821.0
2013.0, 3822.0
2003.0, 3803.0
2005.0, 3789.0
2020.0, 3787.0

容器 1 中的多边形 215:
2041.0, 1818.0
2028.0, 1834.0
2018.0, 1844.0
2010.0, 1841.0
2003.0, 1834.0
2008.0, 1820.0
2014.0, 1811.0

容器 1 中的多边形 216:
1885.0, 39.0
1913.0, 42.0
1893.0, 53.0
1878.0, 54.0
1860.0, 52.0
1845.0, 48.0
1857.0, 39.0

容器 1 中的多边形 217:
2037.0, 1766.0
2026.0, 1794.0
2019.0, 1792.0
2005.0, 1778.0
2006.0, 1766.0
2017.0, 1762.0
2028.0, 1760.0

容器 1 中的多边形 218:
2030.0, 2919.0
2022.0, 2944.0
2006.0, 2934.0
2009.0, 2911.0
2016.0, 2894.0

容器 1 中的多边形 219:
2035.0, 1109.0
2040.0, 1111.0
2041.0, 1117.0
2035.0, 1130.0
2023.0, 1132.0
2019.0, 1130.0
2005.0, 1118.0
2003.0, 1111.0
2019.0, 1105.0

容器 1 中的多边形 220:
2037.0, 179.0
2035.0, 188.0
2026.0, 187.0
2005.0, 173.0
2006.0, 161.0
2030.0, 157.0

容器 1 中的多边形 221:
183.0, 4014.0
193.0, 4020.0
191.0, 4025.0
162.0, 4029.0
148.0, 4026.0
140.0, 4021.0
133.0, 4013.0

容器 1 中的多边形 222:
2016.0, 2947.0
2035.0, 2950.0
2041.0, 2954.0
2029.0, 2976.0
2024.0, 2977.0
2020.0, 2977.0
2013.0, 2969.0
2006.0, 2958.0
2013.0, 2949.0

容器 1 中的多边形 223:
39.0, 4036.0
44.0, 4040.0
47.0, 4047.0
36.0, 4050.0
6.0, 4051.0
2.0, 4047.0
2.0, 4038.0
22.0, 4031.0

容器 1 中的多边形 224:
2041.0, 1188.0
2040.0, 1196.0
2035.0, 1203.0
2029.0, 1203.0
2021.0, 1204.0
2004.0, 1200.0
2017.0, 1180.0
2024.0, 1178.0
2029.0, 1178.0

容器 1 中的多边形 225:
1265.0, 4014.0
1269.0, 4018.0
1268.0, 4025.0
1266.0, 4032.0
1254.0, 4041.0
1241.0, 4027.0
1233.0, 4014.0
1255.0, 4011.0

容器 1 中的多边形 226:
1743.0, 3934.0
1748.0, 3944.0
1742.0, 3955.0
1713.0, 3951.0
1722.0, 3930.0
1736.0, 3928.0

容器 1 中的多边形 227:
2033.0, 2988.0
2032.0, 3000.0
2028.0, 3007.0
2016.0, 3014.0
2006.0, 3006.0
2013.0, 2980.0
2025.0, 2980.0

容器 1 中的多边形 228:
2036.0, 860.0
2041.0, 864.0
2043.0, 870.0
2041.0, 875.0
2034.0, 879.0
2013.0, 878.0
2007.0, 870.0
2006.0, 862.0
2008.0, 857.0
2014.0, 857.0

容器 1 中的多边形 229:
2028.0, 1330.0
2034.0, 1335.0
2042.0, 1350.0
2038.0, 1356.0
2023.0, 1353.0
1998.0, 1333.0
2021.0, 1329.0

容器 1 中的多边形 230:
1268.0, 608.0
1279.0, 611.0
1281.0, 617.0
1278.0, 632.0
1267.0, 636.0
1252.0, 622.0
1249.0, 613.0
1254.0, 608.0
1262.0, 607.0

容器 1 中的多边形 231:
2025.0, 3737.0
2013.0, 3775.0
2009.0, 3785.0
2003.0, 3768.0
2004.0, 3751.0
2005.0, 3747.0
2011.0, 3734.0
2024.0, 3731.0

容器 1 中的多边形 232:
754.0, 1004.0
775.0, 1007.0
773.0, 1015.0
764.0, 1027.0
754.0, 1034.0
741.0, 1039.0
740.0, 1035.0

容器 1 中的多边形 233:
2035.0, 2391.0
2035.0, 2398.0
2032.0, 2411.0
2025.0, 2417.0
2018.0, 2415.0
2010.0, 2412.0
2007.0, 2395.0
2010.0, 2390.0
2016.0, 2388.0

容器 1 中的多边形 234:
1954.0, 4030.0
1957.0, 4037.0
1955.0, 4041.0
1933.0, 4041.0
1914.0, 4039.0
1908.0, 4034.0
1915.0, 4027.0
1932.0, 4025.0
1944.0, 4025.0

容器 1 中的多边形 235:
2028.0, 3016.0
2033.0, 3027.0
2031.0, 3040.0
2014.0, 3046.0
2006.0, 3037.0
2006.0, 3029.0
2011.0, 3019.0
2021.0, 3015.0

容器 1 中的多边形 236:
2030.0, 3051.0
2035.0, 3074.0
2033.0, 3080.0
2028.0, 3088.0
2015.0, 3070.0
2006.0, 3049.0

容器 1 中的多边形 237:
2035.0, 3107.0
2016.0, 3122.0
2006.0, 3108.0
2012.0, 3094.0
2038.0, 3090.0

容器 1 中的多边形 238:
2030.0, 2350.0
2036.0, 2358.0
2023.0, 2382.0
2017.0, 2384.0
2007.0, 2377.0
2019.0, 2346.0

容器 1 中的多边形 239:
993.0, 1989.0
998.0, 1994.0
999.0, 2005.0
993.0, 2009.0
977.0, 2016.0
972.0, 2015.0
967.0, 2013.0
968.0, 2005.0
977.0, 1991.0
982.0, 1988.0

容器 1 中的多边形 240:
1373.0, 584.0
1399.0, 587.0
1406.0, 596.0
1391.0, 602.0
1378.0, 603.0
1368.0, 599.0
1360.0, 593.0
1365.0, 584.0

容器 1 中的多边形 241:
2029.0, 3128.0
2030.0, 3143.0
2023.0, 3161.0
2021.0, 3163.0
2014.0, 3154.0
2010.0, 3145.0
2006.0, 3134.0
2012.0, 3126.0
2023.0, 3125.0

容器 1 中的多边形 242:
236.0, 2119.0
245.0, 2129.0
236.0, 2133.0
209.0, 2136.0
203.0, 2134.0
200.0, 2129.0
204.0, 2122.0
210.0, 2120.0
226.0, 2117.0

容器 1 中的多边形 243:
1087.0, 3928.0
1097.0, 3936.0
1106.0, 3948.0
1104.0, 3948.0
1091.0, 3952.0
1085.0, 3952.0
1080.0, 3950.0
1074.0, 3944.0
1069.0, 3938.0
1070.0, 3934.0
1074.0, 3926.0

容器 1 中的多边形 244:
1084.0, 484.0
1085.0, 488.0
1084.0, 491.0
1079.0, 494.0
1068.0, 499.0
1052.0, 495.0
1049.0, 482.0
1062.0, 478.0
1077.0, 476.0

容器 1 中的多边形 245:
2040.0, 3172.0
2044.0, 3180.0
2038.0, 3185.0
2018.0, 3188.0
2012.0, 3183.0
2005.0, 3176.0
2010.0, 3171.0
2015.0, 3167.0
2034.0, 3167.0

容器 1 中的多边形 246:
2029.0, 3219.0
2013.0, 3219.0
2006.0, 3215.0
2006.0, 3211.0
2011.0, 3192.0
2029.0, 3189.0

容器 1 中的多边形 247:
2028.0, 3230.0
2028.0, 3239.0
2021.0, 3257.0
2016.0, 3264.0
2006.0, 3246.0
2006.0, 3239.0
2019.0, 3223.0
2027.0, 3222.0

容器 1 中的多边形 248:
2036.0, 1971.0
2042.0, 1980.0
2040.0, 1986.0
2026.0, 1992.0
2016.0, 1989.0
2008.0, 1985.0
2007.0, 1973.0
2011.0, 1972.0
2026.0, 1970.0

容器 1 中的多边形 249:
933.0, 1046.0
922.0, 1057.0
901.0, 1060.0
885.0, 1057.0
883.0, 1053.0
892.0, 1049.0
921.0, 1040.0

容器 1 中的多边形 250:
2031.0, 2605.0
2038.0, 2611.0
2036.0, 2618.0
2032.0, 2629.0
2030.0, 2632.0
2004.0, 2607.0
2011.0, 2601.0
2014.0, 2599.0

容器 1 中的多边形 251:
994.0, 3014.0
995.0, 3033.0
995.0, 3055.0
991.0, 3069.0
978.0, 3012.0
984.0, 3009.0

容器 1 中的多边形 252:
386.0, 2082.0
380.0, 2085.0
370.0, 2088.0
360.0, 2087.0
352.0, 2085.0
341.0, 2080.0
334.0, 2076.0
350.0, 2073.0
384.0, 2072.0

容器 1 中的多边形 253:
1686.0, 3846.0
1700.0, 3849.0
1689.0, 3859.0
1673.0, 3861.0
1662.0, 3859.0
1655.0, 3856.0
1646.0, 3851.0
1650.0, 3849.0
1667.0, 3845.0

容器 1 中的多边形 254:
2041.0, 3279.0
2028.0, 3293.0
2006.0, 3279.0
2015.0, 3268.0
2029.0, 3264.0

容器 1 中的多边形 255:
2035.0, 2322.0
2044.0, 2329.0
2042.0, 2335.0
2018.0, 2343.0
2009.0, 2338.0
2006.0, 2332.0
2012.0, 2327.0
2027.0, 2318.0

容器 1 中的多边形 256:
820.0, 4074.0
850.0, 4078.0
860.0, 4084.0
855.0, 4089.0
840.0, 4090.0
821.0, 4089.0
811.0, 4085.0
813.0, 4077.0

容器 1 中的多边形 257:
1444.0, 2786.0
1449.0, 2792.0
1445.0, 2796.0
1412.0, 2807.0
1409.0, 2805.0
1416.0, 2788.0
1425.0, 2782.0

容器 1 中的多边形 258:
1513.0, 1541.0
1514.0, 1551.0
1507.0, 1563.0
1490.0, 1562.0
1492.0, 1544.0
1501.0, 1529.0

容器 1 中的多边形 259:
2035.0, 3299.0
2027.0, 3320.0
2017.0, 3326.0
2013.0, 3320.0
2006.0, 3300.0
2011.0, 3298.0
2018.0, 3296.0
2034.0, 3296.0

容器 1 中的多边形 260:
2037.0, 353.0
2034.0, 375.0
2031.0, 377.0
2010.0, 377.0
2006.0, 374.0
2017.0, 358.0
2032.0, 349.0

容器 1 中的多边形 261:
2023.0, 2317.0
2007.0, 2311.0
2012.0, 2290.0
2037.0, 2285.0

容器 1 中的多边形 262:
2037.0, 2801.0
2024.0, 2814.0
2015.0, 2818.0
2001.0, 2818.0
1990.0, 2816.0
1986.0, 2809.0
2026.0, 2800.0

容器 1 中的多边形 263:
2028.0, 3708.0
2026.0, 3723.0
2022.0, 3727.0
2012.0, 3731.0
2005.0, 3715.0
2008.0, 3702.0
2024.0, 3698.0

容器 1 中的多边形 264:
312.0, 2068.0
318.0, 2073.0
296.0, 2083.0
287.0, 2083.0
283.0, 2082.0
283.0, 2077.0
285.0, 2062.0
294.0, 2059.0

容器 1 中的多边形 265:
1609.0, 494.0
1616.0, 498.0
1616.0, 508.0
1609.0, 513.0
1589.0, 518.0
1589.0, 503.0
1591.0, 492.0

容器 1 中的多边形 266:
2022.0, 3667.0
2029.0, 3673.0
2032.0, 3685.0
2025.0, 3694.0
2019.0, 3693.0
2013.0, 3688.0
2005.0, 3679.0
2005.0, 3675.0
2007.0, 3668.0
2015.0, 3664.0

容器 1 中的多边形 267:
2007.0, 1433.0
2039.0, 1430.0
2037.0, 1464.0

容器 1 中的多边形 268:
2024.0, 2228.0
2010.0, 2288.0
2008.0, 2262.0
2007.0, 2230.0
2010.0, 2227.0

容器 1 中的多边形 269:
2034.0, 2205.0
2036.0, 2214.0
2031.0, 2217.0
2021.0, 2221.0
2010.0, 2223.0
2007.0, 2220.0
2011.0, 2199.0
2021.0, 2196.0

容器 1 中的多边形 270:
1869.0, 1558.0
1864.0, 1570.0
1857.0, 1569.0
1843.0, 1563.0
1838.0, 1550.0
1852.0, 1541.0

容器 1 中的多边形 271:
2034.0, 566.0
2026.0, 579.0
2007.0, 574.0
2012.0, 555.0
2034.0, 552.0

容器 1 中的多边形 272:
1270.0, 1473.0
1272.0, 1475.0
1276.0, 1485.0
1264.0, 1486.0
1246.0, 1481.0
1242.0, 1478.0
1230.0, 1471.0
1234.0, 1467.0
1241.0, 1465.0

容器 1 中的多边形 273:
1101.0, 641.0
1112.0, 649.0
1106.0, 655.0
1097.0, 655.0
1069.0, 649.0
1063.0, 647.0
1068.0, 641.0
1088.0, 638.0

容器 1 中的多边形 274:
2033.0, 2010.0
2037.0, 2018.0
2012.0, 2025.0
2007.0, 2018.0
2015.0, 1992.0

容器 1 中的多边形 275:
2013.0, 2029.0
2032.0, 2031.0
2025.0, 2052.0
2021.0, 2055.0
2010.0, 2057.0
2007.0, 2049.0
2007.0, 2037.0
2008.0, 2030.0

容器 1 中的多边形 276:
2033.0, 3331.0
2037.0, 3340.0
2039.0, 3346.0
2038.0, 3354.0
2021.0, 3348.0
2013.0, 3342.0
2007.0, 3330.0
2015.0, 3328.0
2031.0, 3328.0

容器 1 中的多边形 277:
2043.0, 3368.0
2039.0, 3373.0
2010.0, 3371.0
2010.0, 3368.0
2007.0, 3348.0
2012.0, 3347.0

容器 1 中的多边形 278:
2024.0, 2173.0
2040.0, 2184.0
2044.0, 2191.0
2039.0, 2194.0
2032.0, 2195.0
2013.0, 2189.0
2007.0, 2173.0
2017.0, 2172.0

容器 1 中的多边形 279:
2026.0, 2063.0
2033.0, 2065.0
2044.0, 2075.0
2038.0, 2079.0
2030.0, 2081.0
2011.0, 2079.0
2008.0, 2072.0
2007.0, 2065.0
2012.0, 2061.0

容器 1 中的多边形 280:
2037.0, 2102.0
2028.0, 2108.0
2018.0, 2111.0
2010.0, 2107.0
2008.0, 2101.0
2007.0, 2094.0
2011.0, 2090.0
2027.0, 2085.0

容器 1 中的多边形 281:
2039.0, 3386.0
2032.0, 3401.0
2007.0, 3396.0
2013.0, 3375.0

容器 1 中的多边形 282:
2038.0, 2125.0
2035.0, 2131.0
2030.0, 2135.0
2017.0, 2137.0
2011.0, 2135.0
2007.0, 2121.0
2016.0, 2115.0
2029.0, 2115.0

容器 1 中的多边形 283:
2026.0, 3427.0
2019.0, 3435.0
2011.0, 3441.0
2007.0, 3410.0
2028.0, 3404.0

容器 1 中的多边形 284:
2017.0, 3446.0
2030.0, 3454.0
2037.0, 3467.0
2028.0, 3470.0
2019.0, 3470.0
2007.0, 3459.0
2007.0, 3450.0
2011.0, 3444.0
2013.0, 3443.0

容器 1 中的多边形 285:
2035.0, 3478.0
2035.0, 3484.0
2023.0, 3502.0
2006.0, 3488.0
2018.0, 3474.0
2031.0, 3474.0

容器 1 中的多边形 286:
1928.0, 2813.0
1933.0, 2825.0
1920.0, 2831.0
1913.0, 2832.0
1909.0, 2828.0
1909.0, 2809.0
1913.0, 2805.0
1923.0, 2805.0

容器 1 中的多边形 287:
465.0, 2054.0
469.0, 2062.0
459.0, 2066.0
437.0, 2070.0
433.0, 2068.0
427.0, 2062.0
441.0, 2055.0
449.0, 2052.0
457.0, 2052.0

容器 1 中的多边形 288:
2036.0, 3643.0
2037.0, 3650.0
2018.0, 3661.0
2011.0, 3660.0
2007.0, 3658.0
2007.0, 3641.0
2021.0, 3640.0

容器 1 中的多边形 289:
2036.0, 3508.0
2036.0, 3514.0
2018.0, 3532.0
2007.0, 3517.0
2016.0, 3506.0
2032.0, 3504.0

容器 1 中的多边形 290:
2029.0, 3548.0
2032.0, 3556.0
2033.0, 3561.0
2029.0, 3565.0
2025.0, 3567.0
2020.0, 3567.0
2007.0, 3539.0
2021.0, 3535.0

容器 1 中的多边形 291:
2033.0, 3578.0
2024.0, 3591.0
2014.0, 3602.0
2005.0, 3600.0
2005.0, 3590.0
2022.0, 3569.0

容器 1 中的多边形 292:
2029.0, 55.0
2034.0, 65.0
2017.0, 91.0
2012.0, 89.0
2011.0, 82.0
2019.0, 54.0

容器 1 中的多边形 293:
2032.0, 3620.0
2033.0, 3625.0
2030.0, 3634.0
2026.0, 3633.0
2022.0, 3630.0
2007.0, 3615.0
2010.0, 3607.0
2015.0, 3605.0
2026.0, 3605.0

容器 1 中的多边形 294:
2028.0, 2139.0
2038.0, 2142.0
2043.0, 2146.0
2043.0, 2150.0
2036.0, 2156.0
2023.0, 2156.0
2016.0, 2155.0
2010.0, 2153.0
2007.0, 2143.0

容器 1 中的多边形 295:
2042.0, 3872.0
2039.0, 3880.0
2035.0, 3883.0
2030.0, 3888.0
2016.0, 3886.0
2011.0, 3876.0
2015.0, 3869.0
2036.0, 3867.0

容器 1 中的多边形 296:
2035.0, 4016.0
2038.0, 4018.0
2022.0, 4044.0
2018.0, 4045.0
2015.0, 4035.0
2014.0, 4015.0
2025.0, 4013.0

容器 1 中的多边形 297:
1854.0, 4009.0
1856.0, 4025.0
1853.0, 4029.0
1842.0, 4024.0
1836.0, 4019.0
1821.0, 4008.0
1842.0, 4004.0

容器 1 中的多边形 298:
759.0, 3016.0
754.0, 3020.0
742.0, 3025.0
726.0, 3026.0
719.0, 3025.0
711.0, 3019.0
723.0, 3013.0
748.0, 3012.0

容器 1 中的多边形 299:
2043.0, 436.0
2043.0, 441.0
2036.0, 449.0
2021.0, 453.0
2012.0, 443.0
2016.0, 436.0
2029.0, 430.0

容器 1 中的多边形 300:
1071.0, 3752.0
1041.0, 3768.0
1039.0, 3753.0
1044.0, 3739.0

容器 1 中的多边形 301:
2039.0, 1479.0
2035.0, 1495.0
2016.0, 1486.0
2014.0, 1476.0
2025.0, 1464.0

容器 1 中的多边形 302:
2041.0, 4058.0
2043.0, 4065.0
2033.0, 4075.0
2013.0, 4070.0
2009.0, 4066.0
2017.0, 4059.0
2034.0, 4053.0

容器 1 中的多边形 303:
2042.0, 1014.0
2042.0, 1028.0
2032.0, 1037.0
2024.0, 1034.0
2020.0, 1030.0
2020.0, 1013.0
2031.0, 1012.0

容器 1 中的多边形 304:
2039.0, 1156.0
2040.0, 1162.0
2031.0, 1175.0
2027.0, 1176.0
2023.0, 1175.0
2017.0, 1171.0
2014.0, 1168.0
2015.0, 1164.0
2022.0, 1153.0
2027.0, 1150.0
2032.0, 1150.0

容器 1 中的多边形 305:
2043.0, 2260.0
2042.0, 2270.0
2039.0, 2276.0
2019.0, 2284.0
2017.0, 2274.0
2020.0, 2263.0
2034.0, 2259.0

容器 1 中的多边形 306:
2038.0, 1069.0
2033.0, 1077.0
2027.0, 1078.0
2021.0, 1076.0
2021.0, 1051.0
2031.0, 1050.0
2039.0, 1050.0

容器 1 中的多边形 307:
2043.0, 1312.0
2028.0, 1324.0
2021.0, 1318.0
2018.0, 1303.0
2020.0, 1289.0

容器 1 中的多边形 308:
1786.0, 1467.0
1788.0, 1481.0
1786.0, 1491.0
1778.0, 1486.0
1766.0, 1477.0
1764.0, 1466.0
1772.0, 1464.0
1782.0, 1463.0

容器 1 中的多边形 309:
2037.0, 882.0
2044.0, 885.0
2041.0, 893.0
2035.0, 897.0
2029.0, 898.0
2021.0, 895.0
2015.0, 892.0
2008.0, 886.0
2012.0, 883.0
2018.0, 880.0
2027.0, 880.0

容器 1 中的多边形 310:
2037.0, 3758.0
2041.0, 3771.0
2024.0, 3783.0
2018.0, 3783.0
2017.0, 3780.0
2022.0, 3756.0

容器 1 中的多边形 311:
602.0, 4086.0
607.0, 4089.0
594.0, 4094.0
577.0, 4094.0
562.0, 4089.0
566.0, 4082.0
573.0, 4081.0
591.0, 4081.0

容器 1 中的多边形 312:
1620.0, 2686.0
1624.0, 2690.0
1612.0, 2696.0
1607.0, 2698.0
1590.0, 2696.0
1582.0, 2694.0
1574.0, 2689.0
1610.0, 2684.0

容器 1 中的多边形 313:
995.0, 3074.0
997.0, 3085.0
997.0, 3128.0
996.0, 3133.0
992.0, 3115.0
984.0, 3074.0
992.0, 3072.0

容器 1 中的多边形 314:
2041.0, 1708.0
2044.0, 1720.0
2033.0, 1724.0
2020.0, 1714.0
2025.0, 1705.0
2038.0, 1692.0

容器 1 中的多边形 315:
1934.0, 1612.0
1967.0, 1617.0
1962.0, 1626.0
1954.0, 1627.0
1937.0, 1627.0
1928.0, 1619.0

容器 1 中的多边形 316:
2043.0, 1412.0
2040.0, 1422.0
2026.0, 1425.0
2020.0, 1421.0
2018.0, 1405.0
2034.0, 1403.0

容器 1 中的多边形 317:
2030.0, 3920.0
2040.0, 3949.0
2033.0, 3948.0
2022.0, 3937.0
2017.0, 3930.0
2010.0, 3922.0
2025.0, 3919.0

容器 1 中的多边形 318:
1179.0, 428.0
1184.0, 432.0
1166.0, 444.0
1152.0, 440.0
1140.0, 433.0
1173.0, 427.0

容器 1 中的多边形 319:
1834.0, 1704.0
1832.0, 1714.0
1828.0, 1721.0
1825.0, 1721.0
1817.0, 1716.0
1816.0, 1705.0
1817.0, 1692.0
1827.0, 1692.0

容器 1 中的多边形 320:
1496.0, 3822.0
1480.0, 3836.0
1475.0, 3834.0
1466.0, 3812.0
1467.0, 3808.0

容器 1 中的多边形 321:
1255.0, 2815.0
1260.0, 2823.0
1264.0, 2832.0
1252.0, 2834.0
1239.0, 2827.0
1232.0, 2816.0
1244.0, 2814.0

容器 1 中的多边形 322:
2038.0, 1671.0
2044.0, 1675.0
2029.0, 1681.0
2021.0, 1682.0
2014.0, 1681.0
1998.0, 1677.0
2008.0, 1672.0
2017.0, 1669.0
2025.0, 1667.0

容器 1 中的多边形 323:
2038.0, 1082.0
2040.0, 1090.0
2042.0, 1102.0
2019.0, 1101.0
2017.0, 1089.0
2026.0, 1084.0
2032.0, 1082.0
2037.0, 1081.0

容器 1 中的多边形 324:
2040.0, 1615.0
2042.0, 1623.0
2037.0, 1637.0
2029.0, 1636.0
2025.0, 1632.0
2022.0, 1627.0
2021.0, 1619.0
2023.0, 1616.0
2029.0, 1612.0
2036.0, 1612.0

容器 1 中的多边形 325:
2039.0, 728.0
2040.0, 751.0
2038.0, 754.0
2034.0, 756.0
2030.0, 757.0
2028.0, 752.0
2025.0, 734.0
2027.0, 729.0
2032.0, 723.0
2037.0, 722.0

容器 1 中的多边形 326:
1014.0, 2683.0
1021.0, 2702.0
1007.0, 2715.0
1005.0, 2707.0
1003.0, 2684.0
1009.0, 2679.0

容器 1 中的多边形 327:
2035.0, 931.0
2043.0, 948.0
2044.0, 958.0
2043.0, 959.0
2039.0, 959.0
2029.0, 952.0
2024.0, 944.0
2023.0, 934.0
2028.0, 930.0

容器 1 中的多边形 328:
2041.0, 8.0
2043.0, 32.0
2038.0, 34.0
2024.0, 12.0
2024.0, 4.0
2034.0, 2.0

容器 1 中的多边形 329:
1984.0, 1274.0
1987.0, 1286.0
1971.0, 1293.0
1964.0, 1292.0
1962.0, 1284.0
1967.0, 1273.0

容器 1 中的多边形 330:
256.0, 3081.0
246.0, 3085.0
233.0, 3089.0
228.0, 3090.0
221.0, 3088.0
219.0, 3082.0
223.0, 3078.0
234.0, 3072.0

容器 1 中的多边形 331:
424.0, 2067.0
426.0, 2070.0
416.0, 2077.0
407.0, 2079.0
389.0, 2078.0
395.0, 2069.0
414.0, 2063.0

容器 1 中的多边形 332:
526.0, 3046.0
531.0, 3053.0
516.0, 3054.0
511.0, 3053.0
492.0, 3047.0
506.0, 3039.0
516.0, 3038.0

容器 1 中的多边形 333:
1139.0, 2448.0
1149.0, 2454.0
1145.0, 2459.0
1137.0, 2463.0
1129.0, 2461.0
1122.0, 2458.0
1121.0, 2452.0
1119.0, 2447.0
1120.0, 2444.0
1127.0, 2444.0

容器 1 中的多边形 334:
2038.0, 2230.0
2039.0, 2236.0
2039.0, 2256.0
2023.0, 2252.0
2024.0, 2239.0
2026.0, 2229.0

容器 1 中的多边形 335:
1433.0, 581.0
1425.0, 589.0
1421.0, 592.0
1409.0, 590.0
1402.0, 585.0
1408.0, 579.0
1418.0, 576.0
1424.0, 575.0
1437.0, 575.0

容器 1 中的多边形 336:
2040.0, 650.0
2042.0, 654.0
2043.0, 671.0
2041.0, 674.0
2022.0, 661.0
2025.0, 651.0
2033.0, 647.0

容器 1 中的多边形 337:
996.0, 2.0
1004.0, 3.0
1003.0, 27.0
1001.0, 30.0
999.0, 31.0
985.0, 8.0
984.0, 3.0

容器 1 中的多边形 338:
2035.0, 2846.0
2040.0, 2851.0
2042.0, 2874.0
2027.0, 2861.0
2018.0, 2847.0
2020.0, 2845.0

容器 1 中的多边形 339:
2044.0, 1244.0
2036.0, 1251.0
2012.0, 1255.0
2005.0, 1253.0
2013.0, 1244.0
2040.0, 1239.0

容器 1 中的多边形 340:
1101.0, 2734.0
1081.0, 2741.0
1071.0, 2725.0
1103.0, 2724.0

容器 1 中的多边形 341:
2037.0, 2894.0
2044.0, 2897.0
2043.0, 2912.0
2042.0, 2915.0
2036.0, 2916.0
2030.0, 2910.0
2020.0, 2895.0
2026.0, 2893.0

容器 1 中的多边形 342:
24.0, 3006.0
20.0, 3016.0
12.0, 3028.0
9.0, 3029.0
5.0, 3024.0
2.0, 3016.0
2.0, 3006.0
16.0, 3005.0

容器 1 中的多边形 343:
1111.0, 2570.0
1103.0, 2576.0
1097.0, 2579.0
1089.0, 2575.0
1090.0, 2563.0
1105.0, 2561.0
1121.0, 2560.0

容器 1 中的多边形 344:
1893.0, 2643.0
1891.0, 2665.0
1889.0, 2668.0
1885.0, 2667.0
1878.0, 2652.0
1877.0, 2645.0
1881.0, 2639.0
1889.0, 2637.0

容器 1 中的多边形 345:
631.0, 4081.0
638.0, 4082.0
646.0, 4092.0
614.0, 4092.0
608.0, 4085.0
616.0, 4080.0

容器 1 中的多边形 346:
1147.0, 4064.0
1146.0, 4080.0
1145.0, 4088.0
1137.0, 4083.0
1123.0, 4069.0
1139.0, 4063.0

容器 1 中的多边形 347:
1553.0, 2721.0
1550.0, 2726.0
1545.0, 2731.0
1528.0, 2735.0
1522.0, 2731.0
1523.0, 2727.0
1526.0, 2720.0
1532.0, 2719.0

容器 1 中的多边形 348:
2038.0, 410.0
2041.0, 417.0
2037.0, 422.0
2030.0, 423.0
2021.0, 421.0
2008.0, 415.0
2014.0, 409.0
2028.0, 409.0

容器 1 中的多边形 349:
2037.0, 492.0
2043.0, 495.0
2043.0, 510.0
2032.0, 508.0
2022.0, 503.0
2020.0, 497.0
2025.0, 490.0

容器 1 中的多边形 350:
2035.0, 1843.0
2038.0, 1846.0
2044.0, 1861.0
2044.0, 1866.0
2037.0, 1865.0
2023.0, 1853.0
2022.0, 1847.0
2027.0, 1840.0

容器 1 中的多边形 351:
2044.0, 3428.0
2034.0, 3441.0
2022.0, 3445.0
2021.0, 3437.0
2033.0, 3423.0
2042.0, 3415.0

容器 1 中的多边形 352:
2043.0, 2442.0
2043.0, 2450.0
2033.0, 2459.0
2023.0, 2459.0
2021.0, 2450.0
2026.0, 2445.0
2030.0, 2440.0
2038.0, 2438.0

容器 1 中的多边形 353:
2044.0, 777.0
2042.0, 785.0
2034.0, 789.0
2021.0, 788.0
2028.0, 773.0
2035.0, 765.0

容器 1 中的多边形 354:
1373.0, 1466.0
1381.0, 1467.0
1381.0, 1472.0
1373.0, 1481.0
1367.0, 1484.0
1363.0, 1482.0
1359.0, 1477.0
1357.0, 1465.0

容器 1 中的多边形 355:
591.0, 1013.0
595.0, 1020.0
590.0, 1021.0
584.0, 1021.0
576.0, 1019.0
561.0, 1012.0
566.0, 1008.0
585.0, 1006.0

容器 1 中的多边形 356:
2030.0, 1512.0
2043.0, 1516.0
2040.0, 1532.0
2032.0, 1534.0
2027.0, 1533.0
2025.0, 1527.0
2026.0, 1513.0

容器 1 中的多边形 357:
2041.0, 2522.0
2042.0, 2539.0
2039.0, 2541.0
2036.0, 2541.0
2029.0, 2534.0
2021.0, 2523.0
2027.0, 2519.0
2037.0, 2519.0

容器 1 中的多边形 358:
2040.0, 1927.0
2043.0, 1941.0
2040.0, 1942.0
2033.0, 1940.0
2029.0, 1937.0
2026.0, 1926.0
2023.0, 1918.0
2037.0, 1918.0

容器 1 中的多边形 359:
1859.0, 55.0
1859.0, 66.0
1855.0, 83.0
1851.0, 84.0
1845.0, 72.0
1845.0, 66.0
1851.0, 54.0

容器 1 中的多边形 360:
1468.0, 2477.0
1462.0, 2483.0
1453.0, 2484.0
1433.0, 2480.0
1446.0, 2472.0
1461.0, 2470.0

容器 1 中的多边形 361:
1582.0, 3845.0
1590.0, 3848.0
1591.0, 3854.0
1582.0, 3860.0
1577.0, 3859.0
1568.0, 3855.0
1564.0, 3849.0
1568.0, 3844.0

容器 1 中的多边形 362:
23.0, 3142.0
28.0, 3149.0
9.0, 3158.0
2.0, 3156.0
2.0, 3147.0
9.0, 3141.0

容器 1 中的多边形 363:
2044.0, 992.0
2041.0, 1003.0
2028.0, 1008.0
2026.0, 1003.0
2025.0, 993.0
2027.0, 989.0
2040.0, 986.0

容器 1 中的多边形 364:
1936.0, 48.0
1939.0, 53.0
1934.0, 57.0
1925.0, 57.0
1909.0, 56.0
1915.0, 44.0
1926.0, 44.0

容器 1 中的多边形 365:
1224.0, 3754.0
1214.0, 3769.0
1206.0, 3772.0
1198.0, 3767.0
1202.0, 3757.0
1213.0, 3753.0

容器 1 中的多边形 366:
110.0, 1011.0
116.0, 1015.0
101.0, 1018.0
87.0, 1019.0
76.0, 1018.0
89.0, 1007.0
95.0, 1007.0

容器 1 中的多边形 367:
1358.0, 430.0
1337.0, 442.0
1321.0, 440.0
1321.0, 433.0
1342.0, 429.0

容器 1 中的多边形 368:
555.0, 4051.0
544.0, 4058.0
525.0, 4051.0
541.0, 4043.0
547.0, 4041.0
552.0, 4041.0

容器 1 中的多边形 369:
2040.0, 1805.0
2037.0, 1814.0
2024.0, 1811.0
2019.0, 1802.0
2039.0, 1792.0

容器 1 中的多边形 370:
482.0, 2013.0
471.0, 2019.0
459.0, 2021.0
450.0, 2012.0
456.0, 2008.0
472.0, 2007.0

容器 1 中的多边形 371:
1004.0, 3879.0
1005.0, 3893.0
997.0, 3895.0
991.0, 3886.0
991.0, 3879.0
994.0, 3871.0
1002.0, 3869.0

容器 1 中的多边形 372:
1784.0, 2576.0
1781.0, 2583.0
1776.0, 2592.0
1768.0, 2586.0
1762.0, 2573.0
1779.0, 2571.0

容器 1 中的多边形 373:
1000.0, 3994.0
1004.0, 4004.0
999.0, 4008.0
984.0, 4010.0
985.0, 3992.0

容器 1 中的多边形 374:
2044.0, 3732.0
2039.0, 3747.0
2031.0, 3754.0
2028.0, 3752.0
2028.0, 3749.0
2027.0, 3744.0
2030.0, 3732.0
2041.0, 3728.0

容器 1 中的多边形 375:
1830.0, 1727.0
1824.0, 1747.0
1809.0, 1741.0
1813.0, 1732.0
1818.0, 1726.0

容器 1 中的多边形 376:
1859.0, 112.0
1854.0, 115.0
1847.0, 115.0
1847.0, 110.0
1851.0, 88.0
1858.0, 85.0

容器 1 中的多边形 377:
2036.0, 689.0
2044.0, 696.0
2038.0, 709.0
2028.0, 721.0
2028.0, 707.0
2029.0, 697.0

容器 1 中的多边形 378:
2042.0, 2655.0
2042.0, 2663.0
2034.0, 2665.0
2026.0, 2662.0
2025.0, 2649.0
2032.0, 2642.0

容器 1 中的多边形 379:
1226.0, 3661.0
1229.0, 3663.0
1231.0, 3669.0
1220.0, 3674.0
1211.0, 3674.0
1207.0, 3670.0
1206.0, 3664.0
1210.0, 3661.0
1218.0, 3660.0

容器 1 中的多边形 380:
2038.0, 3532.0
2040.0, 3546.0
2032.0, 3549.0
2023.0, 3529.0
2033.0, 3521.0

容器 1 中的多边形 381:
2041.0, 3593.0
2041.0, 3606.0
2039.0, 3612.0
2035.0, 3618.0
2027.0, 3599.0
2026.0, 3593.0
2037.0, 3590.0

容器 1 中的多边形 382:
1926.0, 1784.0
1918.0, 1792.0
1914.0, 1792.0
1911.0, 1789.0
1914.0, 1774.0
1917.0, 1770.0
1927.0, 1768.0

容器 1 中的多边形 383:
1298.0, 3705.0
1304.0, 3714.0
1290.0, 3715.0
1283.0, 3714.0
1279.0, 3712.0
1282.0, 3698.0

容器 1 中的多边形 384:
2043.0, 40.0
2044.0, 53.0
2040.0, 59.0
2036.0, 57.0
2024.0, 40.0
2037.0, 37.0

容器 1 中的多边形 385:
1272.0, 644.0
1276.0, 653.0
1253.0, 659.0
1249.0, 655.0
1265.0, 641.0

容器 1 中的多边形 386:
1375.0, 1531.0
1377.0, 1538.0
1371.0, 1541.0
1364.0, 1542.0
1353.0, 1536.0
1359.0, 1528.0
1365.0, 1527.0
1372.0, 1527.0

容器 1 中的多边形 387:
1315.0, 568.0
1322.0, 573.0
1320.0, 584.0
1306.0, 584.0
1303.0, 570.0
1309.0, 567.0

容器 1 中的多边形 388:
1248.0, 4090.0
1227.0, 4094.0
1212.0, 4092.0
1218.0, 4085.0
1226.0, 4081.0

容器 1 中的多边形 389:
2041.0, 2162.0
2038.0, 2172.0
2033.0, 2174.0
2017.0, 2166.0
2021.0, 2160.0
2026.0, 2159.0
2039.0, 2159.0

容器 1 中的多边形 390:
1536.0, 492.0
1529.0, 501.0
1522.0, 504.0
1518.0, 503.0
1515.0, 498.0
1521.0, 488.0
1529.0, 484.0

容器 1 中的多边形 391:
69.0, 2008.0
73.0, 2010.0
66.0, 2017.0
58.0, 2020.0
49.0, 2018.0
46.0, 2011.0
48.0, 2007.0

容器 1 中的多边形 392:
192.0, 2140.0
183.0, 2148.0
177.0, 2150.0
166.0, 2150.0
162.0, 2148.0
165.0, 2143.0
182.0, 2137.0
188.0, 2137.0

容器 1 中的多边形 393:
2042.0, 291.0
2034.0, 297.0
2029.0, 297.0
2024.0, 296.0
2022.0, 289.0
2030.0, 279.0
2035.0, 279.0

容器 1 中的多边形 394:
1666.0, 3915.0
1674.0, 3928.0
1675.0, 3936.0
1667.0, 3936.0
1660.0, 3932.0
1656.0, 3925.0
1661.0, 3919.0

容器 1 中的多边形 395:
147.0, 1007.0
142.0, 1015.0
125.0, 1014.0
114.0, 1010.0
111.0, 1005.0

容器 1 中的多边形 396:
2042.0, 1962.0
2034.0, 1965.0
2027.0, 1962.0
2026.0, 1954.0
2036.0, 1945.0
2041.0, 1945.0

容器 1 中的多边形 397:
1496.0, 1508.0
1501.0, 1517.0
1500.0, 1525.0
1484.0, 1528.0
1490.0, 1507.0

容器 1 中的多边形 398:
764.0, 4041.0
768.0, 4049.0
761.0, 4054.0
749.0, 4051.0
745.0, 4046.0
749.0, 4042.0
758.0, 4038.0

容器 1 中的多边形 399:
1500.0, 2474.0
1494.0, 2477.0
1477.0, 2479.0
1469.0, 2474.0
1492.0, 2467.0
1499.0, 2467.0

容器 1 中的多边形 400:
1796.0, 3850.0
1795.0, 3856.0
1780.0, 3859.0
1774.0, 3857.0
1768.0, 3852.0
1785.0, 3846.0

容器 1 中的多边形 401:
2043.0, 3250.0
2043.0, 3256.0
2033.0, 3262.0
2023.0, 3258.0
2026.0, 3250.0
2040.0, 3244.0

容器 1 中的多边形 402:
1180.0, 3974.0
1176.0, 3980.0
1167.0, 3984.0
1162.0, 3981.0
1157.0, 3973.0
1167.0, 3967.0

容器 1 中的多边形 403:
993.0, 3135.0
991.0, 3197.0
986.0, 3132.0
988.0, 3131.0

容器 1 中的多边形 404:
1057.0, 4007.0
1053.0, 4019.0
1048.0, 4021.0
1044.0, 4020.0
1040.0, 4014.0
1042.0, 4009.0
1047.0, 4005.0
1058.0, 3999.0

容器 1 中的多边形 405:
899.0, 4084.0
889.0, 4092.0
864.0, 4084.0
862.0, 4080.0
869.0, 4080.0

容器 1 中的多边形 406:
2039.0, 242.0
2043.0, 249.0
2038.0, 253.0
2033.0, 255.0
2023.0, 253.0
2015.0, 250.0
2034.0, 241.0

容器 1 中的多边形 407:
1854.0, 1433.0
1832.0, 1443.0
1836.0, 1431.0
1846.0, 1420.0

容器 1 中的多边形 408:
1980.0, 1155.0
1989.0, 1163.0
1981.0, 1166.0
1978.0, 1168.0
1969.0, 1165.0
1966.0, 1159.0
1970.0, 1151.0

容器 1 中的多边形 409:
2042.0, 3659.0
2044.0, 3670.0
2035.0, 3672.0
2026.0, 3668.0
2024.0, 3661.0
2034.0, 3657.0

容器 1 中的多边形 410:
2043.0, 3693.0
2041.0, 3706.0
2040.0, 3708.0
2038.0, 3710.0
2035.0, 3708.0
2027.0, 3698.0
2027.0, 3694.0
2035.0, 3689.0

容器 1 中的多边形 411:
99.0, 3119.0
109.0, 3123.0
97.0, 3128.0
85.0, 3128.0
82.0, 3126.0
78.0, 3119.0
94.0, 3118.0

容器 1 中的多边形 412:
1269.0, 2502.0
1277.0, 2505.0
1263.0, 2512.0
1258.0, 2513.0
1249.0, 2508.0
1254.0, 2500.0

容器 1 中的多边形 413:
217.0, 3054.0
214.0, 3052.0
201.0, 3038.0
214.0, 3035.0
222.0, 3035.0

容器 1 中的多边形 414:
1855.0, 2621.0
1864.0, 2623.0
1870.0, 2627.0
1861.0, 2637.0
1855.0, 2639.0
1851.0, 2638.0
1852.0, 2630.0

容器 1 中的多边形 415:
2043.0, 2930.0
2040.0, 2943.0
2038.0, 2947.0
2032.0, 2946.0
2027.0, 2939.0
2029.0, 2929.0

容器 1 中的多边形 416:
1281.0, 460.0
1280.0, 472.0
1279.0, 476.0
1271.0, 472.0
1266.0, 467.0
1260.0, 459.0

容器 1 中的多边形 417:
1931.0, 1838.0
1928.0, 1846.0
1919.0, 1839.0
1915.0, 1829.0
1928.0, 1824.0

容器 1 中的多边形 418:
1756.0, 2524.0
1745.0, 2532.0
1739.0, 2529.0
1734.0, 2522.0
1738.0, 2517.0
1748.0, 2517.0

容器 1 中的多边形 419:
1131.0, 709.0
1126.0, 714.0
1112.0, 716.0
1111.0, 707.0
1120.0, 703.0
1125.0, 702.0
1130.0, 702.0

容器 1 中的多边形 420:
2042.0, 3787.0
2043.0, 3793.0
2039.0, 3800.0
2035.0, 3802.0
2031.0, 3798.0
2023.0, 3787.0
2036.0, 3785.0

容器 1 中的多边形 421:
2043.0, 2042.0
2039.0, 2055.0
2035.0, 2059.0
2030.0, 2061.0
2029.0, 2058.0
2031.0, 2041.0
2037.0, 2038.0

容器 1 中的多边形 422:
1289.0, 4028.0
1294.0, 4032.0
1287.0, 4036.0
1268.0, 4033.0
1269.0, 4030.0
1273.0, 4024.0
1281.0, 4024.0

容器 1 中的多边形 423:
138.0, 4087.0
136.0, 4093.0
124.0, 4094.0
117.0, 4094.0
112.0, 4087.0
128.0, 4083.0

容器 1 中的多边形 424:
1455.0, 2775.0
1461.0, 2780.0
1451.0, 2787.0
1441.0, 2779.0
1433.0, 2770.0

容器 1 中的多边形 425:
659.0, 4018.0
649.0, 4025.0
635.0, 4023.0
630.0, 4020.0
645.0, 4014.0
655.0, 4014.0

容器 1 中的多边形 426:
2044.0, 616.0
2039.0, 629.0
2034.0, 630.0
2028.0, 622.0
2030.0, 613.0
2035.0, 611.0

容器 1 中的多边形 427:
210.0, 4014.0
220.0, 4017.0
216.0, 4023.0
205.0, 4024.0
190.0, 4014.0
199.0, 4013.0

容器 1 中的多边形 428:
2040.0, 1137.0
2043.0, 1144.0
2037.0, 1148.0
2027.0, 1145.0
2023.0, 1143.0
2023.0, 1136.0
2030.0, 1134.0

容器 1 中的多边形 429:
2043.0, 3829.0
2040.0, 3843.0
2036.0, 3844.0
2031.0, 3842.0
2028.0, 3825.0

容器 1 中的多边形 430:
1010.0, 1424.0
1013.0, 1431.0
1014.0, 1441.0
1011.0, 1449.0
1009.0, 1450.0
1007.0, 1447.0
1005.0, 1437.0
1004.0, 1428.0
1006.0, 1422.0

容器 1 中的多边形 431:
351.0, 4018.0
347.0, 4024.0
333.0, 4024.0
326.0, 4019.0
331.0, 4015.0
345.0, 4014.0

容器 1 中的多边形 432:
2041.0, 3113.0
2042.0, 3126.0
2037.0, 3132.0
2027.0, 3119.0
2038.0, 3110.0

容器 1 中的多边形 433:
1708.0, 470.0
1701.0, 476.0
1695.0, 477.0
1688.0, 475.0
1694.0, 464.0
1700.0, 461.0

容器 1 中的多边形 434:
172.0, 1008.0
177.0, 1013.0
169.0, 1015.0
148.0, 1016.0
145.0, 1014.0
150.0, 1011.0
162.0, 1007.0

容器 1 中的多边形 435:
2041.0, 966.0
2043.0, 979.0
2033.0, 973.0
2030.0, 970.0
2024.0, 960.0
2030.0, 958.0

容器 1 中的多边形 436:
1030.0, 2459.0
1009.0, 2461.0
1004.0, 2450.0
1018.0, 2450.0

容器 1 中的多边形 437:
2042.0, 1549.0
2038.0, 1556.0
2034.0, 1558.0
2031.0, 1536.0
2042.0, 1536.0

容器 1 中的多边形 438:
1016.0, 3713.0
1017.0, 3720.0
1000.0, 3717.0
1002.0, 3701.0

容器 1 中的多边形 439:
1585.0, 3870.0
1584.0, 3881.0
1564.0, 3874.0
1577.0, 3865.0

容器 1 中的多边形 440:
1101.0, 483.0
1087.0, 484.0
1084.0, 476.0
1099.0, 473.0
1108.0, 472.0

容器 1 中的多边形 441:
2037.0, 78.0
2044.0, 81.0
2040.0, 90.0
2035.0, 92.0
2025.0, 86.0
2030.0, 77.0

容器 1 中的多边形 442:
1419.0, 3779.0
1425.0, 3783.0
1427.0, 3791.0
1407.0, 3787.0
1405.0, 3783.0
1414.0, 3777.0

容器 1 中的多边形 443:
1614.0, 438.0
1611.0, 444.0
1600.0, 446.0
1593.0, 439.0
1601.0, 434.0
1610.0, 433.0

容器 1 中的多边形 444:
1126.0, 2736.0
1116.0, 2737.0
1104.0, 2735.0
1108.0, 2728.0
1127.0, 2727.0

容器 1 中的多边形 445:
2040.0, 1568.0
2043.0, 1584.0
2041.0, 1586.0
2028.0, 1569.0
2036.0, 1560.0

容器 1 中的多边形 446:
1317.0, 3799.0
1323.0, 3803.0
1314.0, 3808.0
1301.0, 3804.0
1297.0, 3799.0
1307.0, 3796.0

容器 1 中的多边形 447:
997.0, 1973.0
999.0, 1980.0
992.0, 1984.0
983.0, 1985.0
986.0, 1971.0
991.0, 1968.0

容器 1 中的多边形 448:
241.0, 4093.0
215.0, 4094.0
227.0, 4080.0

容器 1 中的多边形 449:
2043.0, 2737.0
2040.0, 2738.0
2032.0, 2735.0
2025.0, 2730.0
2035.0, 2723.0
2042.0, 2723.0

容器 1 中的多边形 450:
787.0, 4020.0
782.0, 4025.0
776.0, 4028.0
766.0, 4016.0
776.0, 4014.0
783.0, 4014.0

容器 1 中的多边形 451:
1613.0, 3908.0
1614.0, 3915.0
1607.0, 3913.0
1598.0, 3909.0
1594.0, 3900.0
1606.0, 3900.0

容器 1 中的多边形 452:
2044.0, 2484.0
2036.0, 2507.0
2031.0, 2489.0
2031.0, 2482.0

容器 1 中的多边形 453:
1019.0, 475.0
1023.0, 479.0
1010.0, 489.0
1006.0, 488.0
1007.0, 478.0
1009.0, 473.0
1014.0, 472.0

容器 1 中的多边形 454:
632.0, 3036.0
638.0, 3041.0
631.0, 3045.0
614.0, 3048.0
625.0, 3033.0

容器 1 中的多边形 455:
1745.0, 1732.0
1737.0, 1732.0
1731.0, 1729.0
1722.0, 1722.0
1738.0, 1718.0

容器 1 中的多边形 456:
1192.0, 678.0
1196.0, 684.0
1190.0, 689.0
1185.0, 691.0
1182.0, 690.0
1177.0, 686.0
1186.0, 675.0

容器 1 中的多边形 457:
1073.0, 731.0
1066.0, 740.0
1056.0, 743.0
1055.0, 741.0
1055.0, 731.0
1059.0, 729.0
1066.0, 729.0

容器 1 中的多边形 458:
1061.0, 2396.0
1045.0, 2395.0
1037.0, 2390.0
1041.0, 2383.0
1047.0, 2383.0

容器 1 中的多边形 459:
1017.0, 2809.0
1016.0, 2815.0
1010.0, 2816.0
1008.0, 2815.0
1003.0, 2806.0
1004.0, 2799.0
1010.0, 2798.0

容器 1 中的多边形 460:
1495.0, 2704.0
1483.0, 2710.0
1469.0, 2700.0
1473.0, 2699.0
1492.0, 2699.0

容器 1 中的多边形 461:
1358.0, 4059.0
1369.0, 4066.0
1355.0, 4070.0
1349.0, 4068.0
1346.0, 4057.0

容器 1 中的多边形 462:
1011.0, 2544.0
1013.0, 2552.0
1013.0, 2558.0
1009.0, 2561.0
1003.0, 2563.0
1003.0, 2542.0

容器 1 中的多边形 463:
1658.0, 1465.0
1662.0, 1470.0
1652.0, 1474.0
1645.0, 1473.0
1641.0, 1471.0
1637.0, 1467.0
1643.0, 1464.0

容器 1 中的多边形 464:
2042.0, 1996.0
2040.0, 2011.0
2039.0, 2013.0
2027.0, 1998.0
2034.0, 1993.0
2039.0, 1993.0

容器 1 中的多边形 465:
1405.0, 3819.0
1409.0, 3834.0
1395.0, 3830.0
1396.0, 3815.0

容器 1 中的多边形 466:
2041.0, 4037.0
2037.0, 4049.0
2026.0, 4047.0
2025.0, 4042.0
2029.0, 4036.0
2032.0, 4034.0

容器 1 中的多边形 467:
1998.0, 178.0
1990.0, 180.0
1976.0, 176.0
1972.0, 167.0
1979.0, 167.0

容器 1 中的多边形 468:
1889.0, 1363.0
1891.0, 1368.0
1885.0, 1372.0
1870.0, 1370.0
1880.0, 1359.0

容器 1 中的多边形 469:
1026.0, 2748.0
1009.0, 2758.0
1005.0, 2756.0
1003.0, 2750.0
1010.0, 2745.0

容器 1 中的多边形 470:
778.0, 3018.0
771.0, 3023.0
765.0, 3024.0
754.0, 3021.0
758.0, 3015.0
770.0, 3014.0

容器 1 中的多边形 471:
1744.0, 1510.0
1739.0, 1511.0
1732.0, 1508.0
1727.0, 1503.0
1732.0, 1497.0
1740.0, 1497.0

容器 1 中的多边形 472:
1490.0, 529.0
1487.0, 536.0
1479.0, 538.0
1469.0, 538.0
1473.0, 532.0
1485.0, 525.0

容器 1 中的多边形 473:
1018.0, 3533.0
1021.0, 3540.0
1010.0, 3542.0
1003.0, 3538.0
1010.0, 3527.0

容器 1 中的多边形 474:
2044.0, 2382.0
2033.0, 2387.0
2027.0, 2384.0
2033.0, 2369.0

容器 1 中的多边形 475:
1851.0, 437.0
1838.0, 433.0
1842.0, 425.0
1850.0, 422.0
1854.0, 422.0

容器 1 中的多边形 476:
1020.0, 638.0
1022.0, 642.0
1014.0, 646.0
1007.0, 648.0
1005.0, 635.0
1010.0, 634.0

容器 1 中的多边形 477:
1738.0, 3915.0
1739.0, 3921.0
1732.0, 3925.0
1725.0, 3926.0
1725.0, 3917.0
1733.0, 3910.0

容器 1 中的多边形 478:
1944.0, 2476.0
1936.0, 2477.0
1926.0, 2474.0
1916.0, 2470.0
1933.0, 2466.0

容器 1 中的多边形 479:
2044.0, 2311.0
2043.0, 2317.0
2037.0, 2321.0
2030.0, 2311.0
2033.0, 2302.0

容器 1 中的多边形 480:
1799.0, 1524.0
1801.0, 1538.0
1800.0, 1540.0
1794.0, 1538.0
1789.0, 1535.0
1788.0, 1532.0
1793.0, 1523.0

容器 1 中的多边形 481:
2037.0, 3226.0
2042.0, 3233.0
2039.0, 3239.0
2032.0, 3244.0
2030.0, 3232.0
2030.0, 3225.0

容器 1 中的多边形 482:
1856.0, 135.0
1858.0, 146.0
1856.0, 146.0
1851.0, 140.0
1848.0, 119.0
1854.0, 119.0

容器 1 中的多边形 483:
1026.0, 430.0
1011.0, 438.0
1006.0, 437.0
1010.0, 426.0
1021.0, 426.0

容器 1 中的多边形 484:
1557.0, 525.0
1552.0, 536.0
1547.0, 537.0
1541.0, 537.0
1546.0, 523.0

容器 1 中的多边形 485:
947.0, 1064.0
939.0, 1064.0
931.0, 1063.0
926.0, 1061.0
927.0, 1057.0
936.0, 1052.0

容器 1 中的多边形 486:
1528.0, 1582.0
1534.0, 1586.0
1539.0, 1594.0
1530.0, 1597.0
1525.0, 1596.0
1523.0, 1592.0

容器 1 中的多边形 487:
2043.0, 3154.0
2036.0, 3164.0
2027.0, 3156.0
2032.0, 3147.0

容器 1 中的多边形 488:
1911.0, 1316.0
1913.0, 1328.0
1899.0, 1326.0
1902.0, 1314.0

容器 1 中的多边形 489:
2040.0, 1290.0
2042.0, 1299.0
2036.0, 1303.0
2024.0, 1288.0

容器 1 中的多边形 490:
10.0, 2040.0
12.0, 2046.0
10.0, 2051.0
6.0, 2057.0
4.0, 2057.0
2.0, 2051.0
2.0, 2038.0

容器 1 中的多边形 491:
1948.0, 3855.0
1945.0, 3859.0
1942.0, 3861.0
1937.0, 3858.0
1932.0, 3853.0
1937.0, 3848.0
1944.0, 3847.0

容器 1 中的多边形 492:
2043.0, 1887.0
2038.0, 1893.0
2028.0, 1891.0
2023.0, 1885.0
2039.0, 1882.0

容器 1 中的多边形 493:
2043.0, 3571.0
2040.0, 3576.0
2032.0, 3575.0
2027.0, 3570.0
2032.0, 3566.0
2040.0, 3562.0

容器 1 中的多边形 494:
244.0, 4014.0
241.0, 4020.0
226.0, 4023.0
223.0, 4016.0
232.0, 4014.0
239.0, 4013.0

容器 1 中的多边形 495:
1994.0, 1912.0
1984.0, 1918.0
1975.0, 1904.0
1982.0, 1903.0

容器 1 中的多边形 496:
2042.0, 580.0
2039.0, 587.0
2026.0, 584.0
2036.0, 571.0

容器 1 中的多边形 497:
997.0, 3209.0
995.0, 3225.0
993.0, 3226.0
991.0, 3225.0
989.0, 3202.0
992.0, 3201.0

容器 1 中的多边形 498:
667.0, 4086.0
654.0, 4092.0
648.0, 4092.0
641.0, 4085.0
645.0, 4083.0

容器 1 中的多边形 499:
1195.0, 638.0
1192.0, 646.0
1182.0, 648.0
1176.0, 645.0
1182.0, 639.0
1189.0, 637.0

容器 1 中的多边形 500:
2042.0, 3010.0
2040.0, 3020.0
2038.0, 3026.0
2034.0, 3021.0
2032.0, 3008.0
2040.0, 3005.0

容器 1 中的多边形 501:
1968.0, 1325.0
1964.0, 1333.0
1954.0, 1333.0
1954.0, 1324.0
1959.0, 1322.0
1961.0, 1322.0
1964.0, 1321.0

容器 1 中的多边形 502:
1422.0, 4089.0
1403.0, 4091.0
1396.0, 4084.0
1403.0, 4081.0

容器 1 中的多边形 503:
82.0, 2165.0
101.0, 2167.0
94.0, 2172.0
81.0, 2174.0
78.0, 2167.0

容器 1 中的多边形 504:
999.0, 1010.0
992.0, 1014.0
981.0, 1002.0
997.0, 1002.0

容器 1 中的多边形 505:
203.0, 1007.0
195.0, 1012.0
188.0, 1013.0
175.0, 1006.0
192.0, 1005.0

容器 1 中的多边形 506:
2044.0, 3048.0
2034.0, 3057.0
2031.0, 3045.0
2035.0, 3041.0
2040.0, 3040.0

容器 1 中的多边形 507:
2042.0, 3849.0
2037.0, 3861.0
2031.0, 3863.0
2030.0, 3854.0
2032.0, 3848.0
2037.0, 3847.0

容器 1 中的多边形 508:
2038.0, 3316.0
2041.0, 3341.0
2031.0, 3320.0
2035.0, 3309.0

容器 1 中的多边形 509:
1809.0, 2575.0
1796.0, 2577.0
1788.0, 2573.0
1794.0, 2565.0

容器 1 中的多边形 510:
2043.0, 1500.0
2039.0, 1510.0
2030.0, 1507.0
2030.0, 1500.0
2038.0, 1496.0

容器 1 中的多边形 511:
2034.0, 336.0
2044.0, 341.0
2044.0, 352.0
2034.0, 344.0
2031.0, 340.0
2028.0, 334.0

容器 1 中的多边形 512:
92.0, 2016.0
74.0, 2019.0
75.0, 2012.0
88.0, 2008.0

容器 1 中的多边形 513:
1255.0, 3744.0
1270.0, 3751.0
1265.0, 3754.0
1252.0, 3753.0
1249.0, 3748.0

容器 1 中的多边形 514:
2031.0, 1358.0
2037.0, 1359.0
2036.0, 1369.0
2034.0, 1369.0
2030.0, 1367.0
2018.0, 1357.0

容器 1 中的多边形 515:
2041.0, 815.0
2036.0, 823.0
2029.0, 823.0
2036.0, 807.0
2041.0, 806.0

容器 1 中的多边形 516:
1806.0, 3989.0
1815.0, 3994.0
1821.0, 3999.0
1807.0, 3999.0
1798.0, 3991.0

容器 1 中的多边形 517:
274.0, 3071.0
265.0, 3077.0
257.0, 3077.0
251.0, 3071.0
268.0, 3069.0

容器 1 中的多边形 518:
1819.0, 3848.0
1809.0, 3855.0
1804.0, 3856.0
1797.0, 3846.0

容器 1 中的多边形 519:
2041.0, 2701.0
2031.0, 2699.0
2033.0, 2690.0
2044.0, 2688.0

容器 1 中的多边形 520:
732.0, 1035.0
729.0, 1038.0
718.0, 1036.0
723.0, 1029.0
735.0, 1026.0

容器 1 中的多边形 521:
556.0, 3054.0
546.0, 3059.0
531.0, 3059.0
535.0, 3052.0

容器 1 中的多边形 522:
2037.0, 3716.0
2042.0, 3719.0
2040.0, 3725.0
2031.0, 3727.0
2029.0, 3727.0
2030.0, 3715.0

容器 1 中的多边形 523:
1081.0, 2855.0
1068.0, 2858.0
1060.0, 2854.0
1064.0, 2851.0
1077.0, 2849.0

容器 1 中的多边形 524:
2044.0, 148.0
2044.0, 154.0
2040.0, 157.0
2035.0, 159.0
2032.0, 151.0
2040.0, 144.0

容器 1 中的多边形 525:
973.0, 1070.0
960.0, 1067.0
953.0, 1062.0
962.0, 1060.0
969.0, 1060.0

容器 1 中的多边形 526:
1015.0, 536.0
1009.0, 549.0
1007.0, 548.0
1006.0, 542.0
1006.0, 537.0
1010.0, 530.0
1015.0, 530.0

容器 1 中的多边形 527:
2041.0, 2766.0
2043.0, 2772.0
2037.0, 2777.0
2031.0, 2772.0
2027.0, 2765.0

容器 1 中的多边形 528:
1558.0, 1630.0
1558.0, 1639.0
1550.0, 1637.0
1544.0, 1631.0
1550.0, 1626.0

容器 1 中的多边形 529:
1993.0, 1431.0
1984.0, 1443.0
1979.0, 1439.0
1984.0, 1428.0
1989.0, 1428.0

容器 1 中的多边形 530:
1732.0, 3875.0
1729.0, 3885.0
1727.0, 3885.0
1718.0, 3872.0
1729.0, 3871.0

容器 1 中的多边形 531:
1000.0, 1070.0
997.0, 1073.0
991.0, 1071.0
980.0, 1064.0
994.0, 1062.0

容器 1 中的多边形 532:
277.0, 3020.0
263.0, 3023.0
269.0, 3013.0
283.0, 3013.0

容器 1 中的多边形 533:
2042.0, 3447.0
2042.0, 3456.0
2041.0, 3458.0
2034.0, 3454.0
2029.0, 3447.0
2037.0, 3444.0

容器 1 中的多边形 534:
1085.0, 4063.0
1086.0, 4067.0
1085.0, 4071.0
1074.0, 4076.0
1075.0, 4068.0
1080.0, 4061.0

容器 1 中的多边形 535:
225.0, 4074.0
217.0, 4077.0
211.0, 4070.0
219.0, 4068.0
231.0, 4067.0

容器 1 中的多边形 536:
536.0, 1007.0
542.0, 1009.0
537.0, 1013.0
533.0, 1014.0
524.0, 1013.0
524.0, 1006.0

容器 1 中的多边形 537:
1022.0, 2722.0
1009.0, 2722.0
1013.0, 2714.0
1019.0, 2708.0

容器 1 中的多边形 538:
1241.0, 668.0
1222.0, 676.0
1218.0, 674.0
1224.0, 668.0
1229.0, 666.0

容器 1 中的多边形 539:
2040.0, 2106.0
2041.0, 2117.0
2039.0, 2123.0
2035.0, 2118.0
2031.0, 2114.0
2032.0, 2109.0

容器 1 中的多边形 540:
1981.0, 4070.0
1971.0, 4072.0
1965.0, 4069.0
1965.0, 4064.0
1971.0, 4061.0

容器 1 中的多边形 541:
2043.0, 2976.0
2036.0, 2987.0
2030.0, 2981.0
2034.0, 2972.0

容器 1 中的多边形 542:
1963.0, 4033.0
1961.0, 4038.0
1955.0, 4023.0
1967.0, 4020.0

容器 1 中的多边形 543:
685.0, 4088.0
687.0, 4092.0
671.0, 4094.0
668.0, 4092.0
671.0, 4086.0

容器 1 中的多边形 544:
803.0, 4017.0
808.0, 4017.0
799.0, 4023.0
787.0, 4027.0
793.0, 4016.0

容器 1 中的多边形 545:
1024.0, 7.0
1008.0, 12.0
1007.0, 4.0
1018.0, 2.0

容器 1 中的多边形 546:
1897.0, 2735.0
1892.0, 2739.0
1878.0, 2742.0
1888.0, 2730.0

容器 1 中的多边形 547:
1946.0, 1516.0
1936.0, 1521.0
1927.0, 1520.0
1934.0, 1514.0
1945.0, 1511.0

容器 1 中的多边形 548:
306.0, 2008.0
286.0, 2017.0
284.0, 2008.0

容器 1 中的多边形 549:
1455.0, 575.0
1446.0, 578.0
1439.0, 572.0
1454.0, 569.0
1459.0, 569.0

容器 1 中的多边形 550:
2015.0, 3076.0
2020.0, 3086.0
2006.0, 3083.0
2006.0, 3075.0

容器 1 中的多边形 551:
249.0, 2118.0
250.0, 2124.0
245.0, 2127.0
235.0, 2116.0
242.0, 2115.0

容器 1 中的多边形 552:
1370.0, 437.0
1353.0, 442.0
1343.0, 443.0
1361.0, 433.0

容器 1 中的多边形 553:
2040.0, 2810.0
2037.0, 2817.0
2032.0, 2818.0
2028.0, 2815.0
2032.0, 2808.0
2037.0, 2804.0

容器 1 中的多边形 554:
2038.0, 3193.0
2043.0, 3197.0
2036.0, 3211.0
2033.0, 3190.0

容器 1 中的多边形 555:
1458.0, 1467.0
1449.0, 1477.0
1442.0, 1465.0
1450.0, 1465.0

容器 1 中的多边形 556:
1858.0, 158.0
1848.0, 163.0
1847.0, 153.0
1858.0, 150.0

容器 1 中的多边形 557:
1150.0, 3757.0
1137.0, 3755.0
1142.0, 3749.0
1154.0, 3748.0

容器 1 中的多边形 558:
2043.0, 2349.0
2038.0, 2353.0
2027.0, 2344.0
2038.0, 2341.0

容器 1 中的多边形 559:
1568.0, 531.0
1557.0, 535.0
1565.0, 523.0
1576.0, 522.0

容器 1 中的多边形 560:
934.0, 1007.0
930.0, 1013.0
921.0, 1009.0
915.0, 1004.0
923.0, 1003.0

容器 1 中的多边形 561:
2043.0, 215.0
2035.0, 216.0
2032.0, 212.0
2034.0, 206.0
2043.0, 206.0

容器 1 中的多边形 562:
1949.0, 1686.0
1943.0, 1690.0
1935.0, 1690.0
1937.0, 1682.0
1947.0, 1681.0

容器 1 中的多边形 563:
10.0, 3093.0
2.0, 3097.0
3.0, 3085.0
6.0, 3075.0

容器 1 中的多边形 564:
1793.0, 2648.0
1798.0, 2654.0
1776.0, 2651.0
1787.0, 2645.0

容器 1 中的多边形 565:
2039.0, 3500.0
2028.0, 3501.0
2034.0, 3492.0
2043.0, 3488.0

容器 1 中的多边形 566:
1706.0, 439.0
1702.0, 444.0
1691.0, 440.0
1688.0, 437.0
1702.0, 435.0

容器 1 中的多边形 567:
946.0, 4.0
951.0, 8.0
946.0, 10.0
938.0, 9.0
931.0, 4.0
941.0, 2.0

容器 1 中的多边形 568:
21.0, 2194.0
12.0, 2198.0
2.0, 2199.0
6.0, 2190.0

容器 1 中的多边形 569:
1630.0, 1675.0
1652.0, 1681.0
1649.0, 1687.0
1642.0, 1684.0

容器 1 中的多边形 570:
2041.0, 1754.0
2037.0, 1763.0
2030.0, 1755.0
2035.0, 1749.0
2039.0, 1749.0

容器 1 中的多边形 571:
1759.0, 3967.0
1747.0, 3963.0
1744.0, 3957.0
1751.0, 3954.0

容器 1 中的多边形 572:
1633.0, 498.0
1629.0, 504.0
1623.0, 505.0
1620.0, 500.0
1623.0, 494.0

容器 1 中的多边形 573:
10.0, 3162.0
9.0, 3173.0
2.0, 3172.0
2.0, 3160.0

容器 1 中的多边形 574:
1740.0, 1690.0
1731.0, 1697.0
1721.0, 1691.0
1728.0, 1688.0

容器 1 中的多边形 575:
2042.0, 2416.0
2034.0, 2423.0
2028.0, 2420.0
2036.0, 2410.0

容器 1 中的多边形 576:
1027.0, 480.0
1040.0, 482.0
1041.0, 491.0
1035.0, 489.0
1030.0, 486.0

容器 1 中的多边形 577:
2043.0, 1043.0
2034.0, 1047.0
2027.0, 1046.0
2035.0, 1036.0

容器 1 中的多边形 578:
12.0, 2161.0
6.0, 2169.0
3.0, 2172.0
2.0, 2155.0

容器 1 中的多边形 579:
1336.0, 3806.0
1337.0, 3813.0
1334.0, 3815.0
1323.0, 3808.0
1332.0, 3804.0

容器 1 中的多边形 580:
2044.0, 2091.0
2037.0, 2092.0
2030.0, 2084.0
2039.0, 2081.0

容器 1 中的多边形 581:
1389.0, 1553.0
1381.0, 1551.0
1373.0, 1545.0
1382.0, 1541.0

容器 1 中的多边形 582:
2044.0, 2028.0
2032.0, 2028.0
2029.0, 2024.0
2040.0, 2019.0

容器 1 中的多边形 583:
1014.0, 2400.0
1008.0, 2409.0
1005.0, 2406.0
1004.0, 2400.0
1007.0, 2394.0

容器 1 中的多边形 584:
1367.0, 2487.0
1360.0, 2493.0
1350.0, 2490.0
1356.0, 2484.0

容器 1 中的多边形 585:
1749.0, 2546.0
1745.0, 2542.0
1742.0, 2537.0
1757.0, 2534.0

容器 1 中的多边形 586:
1813.0, 438.0
1805.0, 447.0
1797.0, 440.0
1803.0, 437.0

容器 1 中的多边形 587:
2042.0, 1832.0
2040.0, 1840.0
2036.0, 1841.0
2029.0, 1836.0
2035.0, 1831.0

容器 1 中的多边形 588:
225.0, 1008.0
220.0, 1013.0
213.0, 1014.0
206.0, 1008.0
213.0, 1007.0

容器 1 中的多边形 589:
2006.0, 2691.0
1998.0, 2697.0
1993.0, 2695.0
1990.0, 2687.0

容器 1 中的多边形 590:
912.0, 4087.0
900.0, 4094.0
894.0, 4092.0
900.0, 4085.0

容器 1 中的多边形 591:
1082.0, 3969.0
1071.0, 3977.0
1073.0, 3965.0
1080.0, 3963.0

容器 1 中的多边形 592:
1123.0, 3946.0
1110.0, 3948.0
1105.0, 3939.0
1110.0, 3939.0

容器 1 中的多边形 593:
2044.0, 2636.0
2038.0, 2644.0
2032.0, 2634.0
2040.0, 2631.0

容器 1 中的多边形 594:
1904.0, 4059.0
1900.0, 4064.0
1894.0, 4068.0
1890.0, 4057.0

容器 1 中的多边形 595:
2044.0, 3810.0
2037.0, 3820.0
2033.0, 3816.0
2036.0, 3806.0

容器 1 中的多边形 596:
2043.0, 1323.0
2038.0, 1333.0
2031.0, 1327.0
2037.0, 1320.0

容器 1 中的多边形 597:
1145.0, 2843.0
1152.0, 2846.0
1143.0, 2847.0
1135.0, 2847.0
1132.0, 2841.0
1136.0, 2840.0

容器 1 中的多边形 598:
1837.0, 1780.0
1829.0, 1784.0
1823.0, 1778.0
1830.0, 1773.0

容器 1 中的多边形 599:
1092.0, 2471.0
1084.0, 2476.0
1075.0, 2476.0
1080.0, 2468.0

容器 1 中的多边形 600:
1977.0, 450.0
1970.0, 449.0
1965.0, 438.0
1971.0, 437.0

容器 1 中的多边形 601:
1637.0, 2689.0
1628.0, 2693.0
1623.0, 2686.0
1633.0, 2683.0

容器 1 中的多边形 602:
17.0, 3109.0
5.0, 3112.0
2.0, 3105.0
6.0, 3102.0

容器 1 中的多边形 603:
1283.0, 2495.0
1279.0, 2503.0
1266.0, 2495.0
1277.0, 2494.0

容器 1 中的多边形 604:
1832.0, 7.0
1826.0, 10.0
1811.0, 3.0
1822.0, 2.0

容器 1 中的多边形 605:
1437.0, 3786.0
1441.0, 3790.0
1446.0, 3794.0
1439.0, 3795.0
1434.0, 3792.0
1429.0, 3785.0

容器 1 中的多边形 606:
1528.0, 3876.0
1523.0, 3883.0
1516.0, 3880.0
1514.0, 3875.0
1518.0, 3874.0

容器 1 中的多边形 607:
1927.0, 1763.0
1921.0, 1766.0
1918.0, 1761.0
1922.0, 1755.0
1928.0, 1755.0

容器 1 中的多边形 608:
2044.0, 3955.0
2039.0, 3962.0
2034.0, 3960.0
2033.0, 3952.0
2039.0, 3952.0

容器 1 中的多边形 609:
62.0, 4045.0
51.0, 4047.0
45.0, 4039.0
50.0, 4038.0

容器 1 中的多边形 610:
1518.0, 2468.0
1504.0, 2476.0
1501.0, 2471.0
1506.0, 2467.0

容器 1 中的多边形 611:
2042.0, 2223.0
2038.0, 2228.0
2030.0, 2225.0
2037.0, 2216.0

容器 1 中的多边形 612:
1287.0, 643.0
1282.0, 646.0
1272.0, 639.0
1281.0, 636.0

容器 1 中的多边形 613:
873.0, 1050.0
868.0, 1057.0
862.0, 1055.0
857.0, 1051.0
865.0, 1049.0

容器 1 中的多边形 614:
1857.0, 171.0
1850.0, 178.0
1850.0, 166.0
1858.0, 163.0

容器 1 中的多边形 615:
1930.0, 5.0
1925.0, 11.0
1914.0, 3.0
1925.0, 2.0

容器 1 中的多边形 616:
924.0, 4085.0
935.0, 4087.0
925.0, 4092.0
914.0, 4084.0

容器 1 中的多边形 617:
147.0, 4086.0
151.0, 4093.0
146.0, 4093.0
140.0, 4092.0
142.0, 4081.0

容器 1 中的多边形 618:
2035.0, 1268.0
2042.0, 1276.0
2037.0, 1286.0
2034.0, 1275.0

容器 1 中的多边形 619:
2044.0, 4005.0
2036.0, 4012.0
2030.0, 4007.0
2035.0, 4002.0

容器 1 中的多边形 620:
1012.0, 2604.0
1018.0, 2607.0
1007.0, 2612.0
1003.0, 2606.0
1008.0, 2603.0

容器 1 中的多边形 621:
1120.0, 643.0
1128.0, 649.0
1117.0, 651.0
1113.0, 642.0

容器 1 中的多边形 622:
1978.0, 1387.0
1969.0, 1393.0
1962.0, 1394.0
1966.0, 1387.0
1971.0, 1385.0

容器 1 中的多边形 623:
1099.0, 3628.0
1082.0, 3622.0
1088.0, 3619.0
1094.0, 3619.0

容器 1 中的多边形 624:
1019.0, 3722.0
1034.0, 3738.0
1033.0, 3741.0
1020.0, 3729.0

容器 1 中的多边形 625:
968.0, 4.0
963.0, 10.0
958.0, 9.0
953.0, 5.0
959.0, 2.0

容器 1 中的多边形 626:
995.0, 3920.0
1002.0, 3925.0
994.0, 3928.0
991.0, 3928.0
990.0, 3922.0
990.0, 3918.0

容器 1 中的多边形 627:
2043.0, 122.0
2038.0, 126.0
2029.0, 119.0
2037.0, 116.0

容器 1 中的多边形 628:
998.0, 1962.0
997.0, 1965.0
992.0, 1964.0
996.0, 1949.0
999.0, 1949.0

容器 1 中的多边形 629:
1502.0, 1471.0
1498.0, 1474.0
1489.0, 1466.0
1499.0, 1464.0

容器 1 中的多边形 630:
188.0, 3113.0
179.0, 3117.0
165.0, 3116.0
180.0, 3111.0

容器 1 中的多边形 631:
1022.0, 2571.0
1012.0, 2574.0
1003.0, 2570.0
1013.0, 2567.0

容器 1 中的多边形 632:
1282.0, 608.0
1275.0, 603.0
1278.0, 598.0
1286.0, 597.0

容器 1 中的多边形 633:
1737.0, 3896.0
1738.0, 3908.0
1735.0, 3909.0
1730.0, 3893.0

容器 1 中的多边形 634:
1999.0, 37.0
2005.0, 40.0
2000.0, 44.0
1994.0, 43.0
1991.0, 36.0

容器 1 中的多边形 635:
545.0, 4088.0
541.0, 4094.0
531.0, 4093.0
537.0, 4086.0

容器 1 中的多边形 636:
248.0, 1012.0
225.0, 1012.0
231.0, 1008.0
241.0, 1008.0

容器 1 中的多边形 637:
552.0, 1015.0
545.0, 1014.0
543.0, 1009.0
555.0, 1006.0

容器 1 中的多边形 638:
1498.0, 1494.0
1494.0, 1504.0
1492.0, 1500.0
1495.0, 1487.0
1500.0, 1487.0

容器 1 中的多边形 639:
1382.0, 2841.0
1377.0, 2844.0
1372.0, 2843.0
1367.0, 2839.0
1375.0, 2836.0

容器 1 中的多边形 640:
1190.0, 4022.0
1179.0, 4031.0
1175.0, 4026.0
1184.0, 4021.0

容器 1 中的多边形 641:
1866.0, 4016.0
1862.0, 4028.0
1858.0, 4014.0
1863.0, 4012.0

容器 1 中的多边形 642:
1959.0, 316.0
1950.0, 317.0
1949.0, 308.0
1955.0, 308.0

容器 1 中的多边形 643:
479.0, 2053.0
472.0, 2057.0
464.0, 2050.0
470.0, 2048.0

容器 1 中的多边形 644:
298.0, 3072.0
290.0, 3073.0
276.0, 3069.0
289.0, 3067.0

容器 1 中的多边形 645:
366.0, 4014.0
358.0, 4019.0
352.0, 4017.0
347.0, 4013.0
357.0, 4013.0

容器 1 中的多边形 646:
280.0, 1008.0
246.0, 1007.0
256.0, 1005.0
272.0, 1005.0

容器 1 中的多边形 647:
997.0, 3231.0
996.0, 3250.0
991.0, 3231.0
993.0, 3229.0

容器 1 中的多边形 648:
1857.0, 2751.0
1849.0, 2757.0
1845.0, 2754.0
1847.0, 2747.0

容器 1 中的多边形 649:
1095.0, 2848.0
1087.0, 2853.0
1077.0, 2847.0
1087.0, 2846.0

容器 1 中的多边形 650:
1356.0, 2814.0
1346.0, 2813.0
1342.0, 2808.0
1353.0, 2807.0

容器 1 中的多边形 651:
1945.0, 2761.0
1938.0, 2765.0
1930.0, 2760.0
1943.0, 2757.0

容器 1 中的多边形 652:
444.0, 4049.0
428.0, 4049.0
434.0, 4044.0
441.0, 4043.0

容器 1 中的多边形 653:
1227.0, 4016.0
1229.0, 4024.0
1214.0, 4017.0
1221.0, 4015.0

容器 1 中的多边形 654:
2041.0, 3413.0
2035.0, 3418.0
2031.0, 3411.0
2037.0, 3406.0

容器 1 中的多边形 655:
709.0, 4091.0
701.0, 4092.0
690.0, 4088.0
704.0, 4086.0

容器 1 中的多边形 656:
146.0, 2159.0
139.0, 2162.0
133.0, 2163.0
139.0, 2156.0
147.0, 2153.0

容器 1 中的多边形 657:
1007.0, 2861.0
1013.0, 2865.0
1007.0, 2869.0
1002.0, 2867.0
1003.0, 2859.0

容器 1 中的多边形 658:
797.0, 3017.0
789.0, 3018.0
780.0, 3014.0
795.0, 3012.0

容器 1 中的多边形 659:
1980.0, 1482.0
1990.0, 1487.0
1982.0, 1491.0
1976.0, 1482.0
1977.0, 1481.0

容器 1 中的多边形 660:
1854.0, 2609.0
1842.0, 2604.0
1836.0, 2597.0
1840.0, 2596.0

容器 1 中的多边形 661:
1007.0, 40.0
1000.0, 44.0
997.0, 35.0
1004.0, 34.0

容器 1 中的多边形 662:
1529.0, 2474.0
1520.0, 2477.0
1512.0, 2474.0
1520.0, 2470.0

容器 1 中的多边形 663:
264.0, 4018.0
258.0, 4020.0
251.0, 4020.0
247.0, 4015.0
252.0, 4014.0

容器 1 中的多边形 664:
1200.0, 3725.0
1197.0, 3729.0
1186.0, 3726.0
1191.0, 3721.0

容器 1 中的多边形 665:
14.0, 1023.0
5.0, 1029.0
2.0, 1028.0
3.0, 1020.0

容器 1 中的多边形 666:
367.0, 3072.0
359.0, 3071.0
356.0, 3067.0
365.0, 3063.0

容器 1 中的多边形 667:
1524.0, 1563.0
1517.0, 1565.0
1514.0, 1557.0
1520.0, 1555.0

容器 1 中的多边形 668:
1146.0, 2726.0
1137.0, 2732.0
1130.0, 2731.0
1136.0, 2725.0

容器 1 中的多边形 669:
1971.0, 1546.0
1966.0, 1550.0
1959.0, 1547.0
1957.0, 1541.0

容器 1 中的多边形 670:
1010.0, 1461.0
1005.0, 1467.0
1005.0, 1457.0
1014.0, 1451.0

容器 1 中的多边形 671:
1140.0, 709.0
1135.0, 709.0
1138.0, 701.0
1147.0, 700.0

容器 1 中的多边形 672:
1122.0, 2468.0
1116.0, 2472.0
1103.0, 2473.0
1116.0, 2466.0

容器 1 中的多边形 673:
739.0, 1014.0
734.0, 1006.0
747.0, 1004.0

容器 1 中的多边形 674:
997.0, 3269.0
995.0, 3276.0
992.0, 3267.0
997.0, 3254.0

容器 1 中的多边形 675:
1836.0, 1560.0
1830.0, 1556.0
1822.0, 1549.0
1830.0, 1548.0

容器 1 中的多边形 676:
1866.0, 1540.0
1862.0, 1547.0
1855.0, 1541.0
1862.0, 1537.0

容器 1 中的多边形 677:
785.0, 1010.0
777.0, 1018.0
777.0, 1011.0
780.0, 1004.0

容器 1 中的多边形 678:
997.0, 2015.0
991.0, 2018.0
979.0, 2016.0
991.0, 2012.0

容器 1 中的多边形 679:
1375.0, 611.0
1364.0, 616.0
1367.0, 607.0
1371.0, 606.0

容器 1 中的多边形 680:
1250.0, 662.0
1244.0, 665.0
1237.0, 659.0
1245.0, 657.0

容器 1 中的多边形 681:
646.0, 3035.0
654.0, 3040.0
645.0, 3040.0
634.0, 3033.0

容器 1 中的多边形 682:
1295.0, 2499.0
1290.0, 2505.0
1282.0, 2503.0
1286.0, 2498.0

容器 1 中的多边形 683:
1719.0, 462.0
1711.0, 468.0
1706.0, 461.0
1713.0, 460.0

容器 1 中的多边形 684:
979.0, 8.0
982.0, 12.0
978.0, 12.0
966.0, 10.0
972.0, 6.0

容器 1 中的多边形 685:
1065.0, 3996.0
1057.0, 3996.0
1064.0, 3988.0
1069.0, 3987.0

容器 1 中的多边形 686:
1122.0, 4076.0
1116.0, 4076.0
1104.0, 4072.0
1115.0, 4070.0

容器 1 中的多边形 687:
1971.0, 2730.0
1965.0, 2733.0
1958.0, 2731.0
1965.0, 2725.0

容器 1 中的多边形 688:
569.0, 2032.0
560.0, 2036.0
555.0, 2037.0
559.0, 2029.0

容器 1 中的多边形 689:
1715.0, 2469.0
1711.0, 2476.0
1704.0, 2471.0
1709.0, 2467.0

容器 1 中的多边形 690:
457.0, 4048.0
453.0, 4048.0
447.0, 4047.0
453.0, 4042.0
460.0, 4042.0

容器 1 中的多边形 691:
1944.0, 2467.0
1951.0, 2470.0
1943.0, 2474.0
1937.0, 2466.0

容器 1 中的多边形 692:
2040.0, 904.0
2037.0, 906.0
2030.0, 902.0
2043.0, 897.0

容器 1 中的多边形 693:
937.0, 1036.0
932.0, 1041.0
924.0, 1039.0
933.0, 1033.0

容器 1 中的多边形 694:
1686.0, 3866.0
1680.0, 3873.0
1675.0, 3865.0
1681.0, 3864.0

容器 1 中的多边形 695:
999.0, 3857.0
994.0, 3867.0
992.0, 3867.0
993.0, 3857.0
998.0, 3854.0

容器 1 中的多边形 696:
1125.0, 2822.0
1121.0, 2822.0
1116.0, 2819.0
1123.0, 2817.0
1132.0, 2816.0

容器 1 中的多边形 697:
1954.0, 1403.0
1948.0, 1407.0
1942.0, 1402.0
1949.0, 1399.0

容器 1 中的多边形 698:
1125.0, 2567.0
1115.0, 2570.0
1122.0, 2562.0
1129.0, 2561.0

容器 1 中的多边形 699:
1871.0, 4092.0
1864.0, 4094.0
1857.0, 4091.0
1863.0, 4087.0

容器 1 中的多边形 700:
1159.0, 3618.0
1165.0, 3623.0
1157.0, 3624.0
1151.0, 3617.0

容器 1 中的多边形 701:
560.0, 2009.0
556.0, 2014.0
544.0, 2009.0
554.0, 2008.0

容器 1 中的多边形 702:
1978.0, 3895.0
1990.0, 3891.0
1984.0, 3901.0

容器 1 中的多边形 703:
996.0, 3987.0
989.0, 3987.0
986.0, 3980.0
991.0, 3979.0

容器 1 中的多边形 704:
1383.0, 431.0
1376.0, 436.0
1368.0, 434.0
1375.0, 430.0

容器 1 中的多边形 705:
1227.0, 432.0
1223.0, 436.0
1220.0, 433.0
1216.0, 430.0
1227.0, 428.0

容器 1 中的多边形 706:
1188.0, 3668.0
1190.0, 3673.0
1187.0, 3676.0
1184.0, 3674.0
1181.0, 3667.0

容器 1 中的多边形 707:
124.0, 3121.0
124.0, 3124.0
117.0, 3125.0
110.0, 3119.0

容器 1 中的多边形 708:
1831.0, 2680.0
1842.0, 2678.0
1838.0, 2687.0

容器 1 中的多边形 709:
1898.0, 1379.0
1894.0, 1382.0
1889.0, 1375.0
1894.0, 1372.0

容器 1 中的多边形 710:
467.0, 4014.0
464.0, 4023.0
460.0, 4018.0
459.0, 4013.0

容器 1 中的多边形 711:
202.0, 2135.0
194.0, 2139.0
193.0, 2131.0
198.0, 2131.0

容器 1 中的多边形 712:
1855.0, 33.0
1848.0, 35.0
1843.0, 29.0
1849.0, 28.0

容器 1 中的多边形 713:
1436.0, 568.0
1431.0, 571.0
1425.0, 567.0
1431.0, 563.0

容器 1 中的多边形 714:
1016.0, 2351.0
1010.0, 2352.0
1004.0, 2349.0
1011.0, 2345.0

容器 1 中的多边形 715:
1896.0, 2717.0
1900.0, 2731.0
1898.0, 2731.0
1892.0, 2718.0

容器 1 中的多边形 716:
1925.0, 441.0
1921.0, 448.0
1918.0, 443.0
1921.0, 436.0

容器 1 中的多边形 717:
9.0, 4025.0
10.0, 4030.0
3.0, 4031.0
2.0, 4024.0

容器 1 中的多边形 718:
606.0, 3018.0
597.0, 3014.0
603.0, 3012.0
610.0, 3012.0

容器 1 中的多边形 719:
1470.0, 1566.0
1483.0, 1555.0
1481.0, 1563.0

容器 1 中的多边形 720:
458.0, 2044.0
453.0, 2050.0
449.0, 2046.0
453.0, 2041.0

容器 1 中的多边形 721:
1879.0, 2632.0
1874.0, 2637.0
1871.0, 2632.0
1875.0, 2627.0

容器 1 中的多边形 722:
97.0, 4090.0
90.0, 4094.0
81.0, 4091.0
90.0, 4089.0

容器 1 中的多边形 723:
41.0, 3011.0
30.0, 3014.0
25.0, 3011.0
33.0, 3009.0

容器 1 中的多边形 724:
360.0, 2094.0
351.0, 2098.0
344.0, 2098.0
351.0, 2093.0

容器 1 中的多边形 725:
556.0, 4094.0
544.0, 4093.0
551.0, 4087.0

容器 1 中的多边形 726:
7.0, 3176.0
5.0, 3184.0
2.0, 3184.0
2.0, 3174.0
4.0, 3174.0

容器 1 中的多边形 727:
11.0, 4056.0
5.0, 4064.0
2.0, 4059.0
6.0, 4055.0

容器 1 中的多边形 728:
315.0, 3070.0
308.0, 3073.0
300.0, 3072.0
307.0, 3068.0

容器 1 中的多边形 729:
558.0, 4057.0
553.0, 4060.0
547.0, 4059.0
553.0, 4053.0

容器 1 中的多边形 730:
1914.0, 1396.0
1902.0, 1388.0
1897.0, 1383.0
1900.0, 1382.0

容器 1 中的多边形 731:
493.0, 2010.0
489.0, 2014.0
486.0, 2014.0
483.0, 2009.0
489.0, 2008.0

容器 1 中的多边形 732:
1015.0, 2483.0
1011.0, 2487.0
1004.0, 2487.0
1009.0, 2481.0

容器 1 中的多边形 733:
776.0, 4059.0
770.0, 4059.0
764.0, 4057.0
771.0, 4053.0

容器 1 中的多边形 734:
965.0, 3017.0
961.0, 3017.0
954.0, 3014.0
960.0, 3010.0

容器 1 中的多边形 735:
16.0, 4092.0
8.0, 4092.0
2.0, 4090.0
9.0, 4087.0

容器 1 中的多边形 736:
2.0, 3031.0
11.0, 3031.0
3.0, 3039.0

容器 1 中的多边形 737:
1063.0, 3933.0
1056.0, 3933.0
1062.0, 3927.0
1067.0, 3927.0

容器 1 中的多边形 738:
199.0, 3110.0
195.0, 3113.0
190.0, 3113.0
192.0, 3106.0

容器 1 中的多边形 739:
250.0, 2117.0
261.0, 2118.0
256.0, 2124.0

容器 1 中的多边形 740:
323.0, 3070.0
318.0, 3069.0
315.0, 3067.0
321.0, 3065.0
327.0, 3065.0

容器 1 中的多边形 741:
1952.0, 1603.0
1948.0, 1604.0
1942.0, 1597.0
1948.0, 1597.0

容器 1 中的多边形 742:
159.0, 2150.0
150.0, 2155.0
151.0, 2149.0
155.0, 2147.0

容器 1 中的多边形 743:
1006.0, 3721.0
1005.0, 3724.0
999.0, 3731.0
1001.0, 3720.0

容器 1 中的多边形 744:
1003.0, 2658.0
1011.0, 2668.0
1005.0, 2669.0

容器 1 中的多边形 745:
664.0, 4019.0
661.0, 4028.0
657.0, 4023.0
662.0, 4018.0

容器 1 中的多边形 746:
1019.0, 608.0
1018.0, 609.0
1015.0, 609.0
1010.0, 607.0
1005.0, 601.0

容器 1 中的多边形 747:
293.0, 2050.0
290.0, 2055.0
285.0, 2055.0
288.0, 2051.0
290.0, 2046.0

容器 1 中的多边形 748:
109.0, 4090.0
104.0, 4093.0
99.0, 4088.0
106.0, 4087.0

容器 1 中的多边形 749:
377.0, 3084.0
372.0, 3087.0
367.0, 3086.0
370.0, 3081.0

容器 1 中的多边形 750:
1736.0, 2509.0
1732.0, 2510.0
1727.0, 2504.0
1730.0, 2502.0

容器 1 中的多边形 751:
106.0, 2011.0
100.0, 2012.0
94.0, 2011.0
101.0, 2007.0

容器 1 中的多边形 752:
224.0, 2114.0
216.0, 2115.0
226.0, 2109.0
230.0, 2108.0

容器 1 中的多边形 753:
939.0, 1010.0
937.0, 1011.0
937.0, 1004.0
940.0, 1003.0
943.0, 1003.0

容器 1 中的多边形 754:
1009.0, 1418.0
1005.0, 1419.0
1005.0, 1415.0
1010.0, 1409.0

容器 1 中的多边形 755:
594.0, 1010.0
589.0, 1007.0
594.0, 1005.0
600.0, 1005.0

容器 1 中的多边形 756:
997.0, 3844.0
999.0, 3850.0
993.0, 3849.0
994.0, 3843.0

容器 1 中的多边形 757:
6.0, 3188.0
5.0, 3195.0
2.0, 3196.0
2.0, 3190.0
4.0, 3187.0

容器 1 中的多边形 758:
253.0, 4090.0
249.0, 4092.0
245.0, 4092.0
243.0, 4089.0
247.0, 4088.0

容器 1 中的多边形 759:
494.0, 2052.0
488.0, 2055.0
482.0, 2051.0
488.0, 2051.0

容器 1 中的多边形 760:
29.0, 3147.0
26.0, 3144.0
30.0, 3142.0
36.0, 3142.0

容器 1 中的多边形 761:
786.0, 4094.0
780.0, 4091.0
792.0, 4089.0

容器 1 中的多边形 762:
1085.0, 3962.0
1082.0, 3960.0
1078.0, 3956.0
1084.0, 3955.0

容器 1 中的多边形 763:
1153.0, 2462.0
1149.0, 2465.0
1144.0, 2464.0
1149.0, 2461.0
1151.0, 2459.0

容器 1 中的多边形 764:
143.0, 4034.0
134.0, 4034.0
139.0, 4029.0

容器 1 中的多边形 765:
1002.0, 3788.0
995.0, 3790.0
997.0, 3783.0

容器 1 中的多边形 766:
2.0, 2070.0
2.0, 2061.0
7.0, 2060.0

容器 1 中的多边形 767:
1012.0, 3618.0
1005.0, 3620.0
1007.0, 3613.0

容器 1 中的多边形 768:
1008.0, 3666.0
1006.0, 3668.0
1002.0, 3667.0
1004.0, 3661.0

容器 1 中的多边形 769:
320.0, 4050.0
313.0, 4050.0
317.0, 4046.0
320.0, 4045.0

容器 1 中的多边形 770:
1053.0, 3624.0
1046.0, 3627.0
1048.0, 3620.0

容器 1 中的多边形 771:
1273.0, 1497.0
1266.0, 1490.0
1272.0, 1490.0

容器 1 中的多边形 772:
769.0, 4036.0
762.0, 4036.0
767.0, 4030.0

容器 1 中的多边形 773:
1109.0, 480.0
1106.0, 480.0
1108.0, 476.0
1115.0, 474.0

容器 1 中的多边形 774:
523.0, 3061.0
514.0, 3058.0
522.0, 3056.0

容器 1 中的多边形 775:
861.0, 4094.0
854.0, 4093.0
859.0, 4088.0

容器 1 中的多边形 776:
276.0, 4020.0
270.0, 4021.0
266.0, 4020.0
270.0, 4017.0

容器 1 中的多边形 777:
501.0, 2013.0
496.0, 2015.0
493.0, 2015.0
496.0, 2010.0

容器 1 中的多边形 778:
1277.0, 483.0
1282.0, 479.0
1282.0, 487.0

容器 1 中的多边形 779:
8.0, 4008.0
6.0, 4010.0
2.0, 4010.0
2.0, 4007.0
4.0, 4006.0
7.0, 4006.0

容器 1 中的多边形 780:
216.0, 3093.0
210.0, 3094.0
211.0, 3090.0
213.0, 3088.0

容器 1 中的多边形 781:
5.0, 3204.0
3.0, 3207.0
2.0, 3203.0
2.0, 3200.0
5.0, 3198.0

容器 1 中的多边形 782:
5.0, 2141.0
9.0, 2149.0
8.0, 2151.0
2.0, 2138.0

容器 1 中的多边形 783:
373.0, 4020.0
365.0, 4021.0
368.0, 4016.0

容器 1 中的多边形 784:
997.0, 3281.0
995.0, 3287.0
993.0, 3286.0
994.0, 3279.0

容器 1 中的多边形 785:
1011.0, 1363.0
1005.0, 1363.0
1007.0, 1357.0

容器 1 中的多边形 786:
499.0, 3017.0
494.0, 3014.0
499.0, 3012.0
501.0, 3012.0

容器 1 中的多边形 787:
4.0, 971.0
3.0, 973.0
2.0, 969.0
2.0, 963.0
4.0, 963.0

容器 1 中的多边形 788:
710.0, 4089.0
718.0, 4087.0
715.0, 4092.0

容器 1 中的多边形 789:
292.0, 3016.0
286.0, 3014.0
292.0, 3013.0
297.0, 3013.0

容器 1 中的多边形 790:
997.0, 3840.0
992.0, 3841.0
994.0, 3834.0

容器 1 中的多边形 791:
1062.0, 4024.0
1056.0, 4020.0
1058.0, 4016.0

容器 1 中的多边形 792:
327.0, 2079.0
319.0, 2079.0
320.0, 2075.0

容器 1 中的多边形 793:
1005.0, 758.0
1011.0, 762.0
1008.0, 765.0

容器 1 中的多边形 794:
143.0, 4082.0
148.0, 4080.0
147.0, 4086.0

容器 1 中的多边形 795:
2.0, 3210.0
5.0, 3209.0
3.0, 3219.0

容器 1 中的多边形 796:
994.0, 3297.0
994.0, 3325.0
993.0, 3290.0

容器 1 中的多边形 797:
176.0, 3012.0
183.0, 3011.0
180.0, 3015.0

容器 1 中的多边形 798:
7.0, 2998.0
7.0, 2999.0
2.0, 2997.0
2.0, 2993.0

容器 1 中的多边形 799:
2.0, 3255.0
2.0, 3231.0
3.0, 3220.0

容器 1 中的多边形 800:
7.0, 3133.0
4.0, 3134.0
2.0, 3130.0
2.0, 3129.0
3.0, 3129.0

容器 1 中的多边形 801:
444.0, 2013.0
438.0, 2009.0
442.0, 2008.0

容器 1 中的多边形 802:
114.0, 2009.0
111.0, 2010.0
107.0, 2008.0
111.0, 2007.0

容器 1 中的多边形 803:
9.0, 3.0
2.0, 3.0
0.0, 2.0

容器 1 中的多边形 804:
3.0, 977.0
2.0, 976.0
5.0, 975.0

